1.0 1.2236408712137753e-10 -7.555950319384873e-10 2.7755575615628914e-17 -1.2236409272747153e-10 1.0 -7.41944265761522e-09 -0.0 7.555950310306139e-10 7.419442657707678e-09 1.0 -0.0
1.0 1.2236408712137753e-10 -7.555950319384873e-10 -0.0032906910939138057 -1.2236409272747153e-10 1.0 -7.41944265761522e-09 -0.0024591487826932656 7.555950310306139e-10 7.419442657707678e-09 1.0 0.015183339905349591
1.0 1.2236408712137753e-10 -7.555950319384873e-10 -0.008137924441338124 -1.2236409272747153e-10 1.0 -7.41944265761522e-09 -0.006105958429208802 7.555950310306139e-10 7.419442657707678e-09 1.0 0.03769956642558725
1.0 1.2236408712137753e-10 -7.555950319384873e-10 -0.01402120406456056 -1.2236409272747153e-10 1.0 -7.41944265761522e-09 -0.010570656234714537 7.555950310306139e-10 7.419442657707678e-09 1.0 0.06526561957274613
1.0 1.2236408712137753e-10 -7.555950319384873e-10 -0.020419380567948564 -1.2236409272747153e-10 1.0 -7.41944265761522e-09 -0.015483422980960615 7.555950310306139e-10 7.419442657707678e-09 1.0 0.09559815217896173
1.0 1.2236408712137753e-10 -7.555950319384873e-10 -0.026811158323193668 -1.2236409272747153e-10 1.0 -7.41944265761522e-09 -0.020474679394788975 7.555950310306139e-10 7.419442657707678e-09 1.0 0.12641529855505862
1.0 1.2236408712137753e-10 -7.555950319384873e-10 -0.03277013448239449 -1.2236409272747153e-10 1.0 -7.41944265761522e-09 -0.025240017206843768 7.555950310306139e-10 7.419442657707678e-09 1.0 0.15583757344837146
1.0 1.2236408712137753e-10 -7.555950319384873e-10 -0.038246057824840224 -1.2236409272747153e-10 1.0 -7.41944265761522e-09 -0.029737221229422017 7.555950310306139e-10 7.419442657707678e-09 1.0 0.18360433071014537
1.0 1.2236408712137753e-10 -7.555950319384873e-10 -0.04328378771620231 -1.2236409272747153e-10 1.0 -7.41944265761522e-09 -0.03398926278309511 7.555950310306139e-10 7.419442657707678e-09 1.0 0.20985740035477018
1.0 1.2236408712137753e-10 -7.555950319384873e-10 -0.047927431587085706 -1.2236409272747153e-10 1.0 -7.41944265761522e-09 -0.03801947691981833 7.555950310306139e-10 7.419442657707678e-09 1.0 0.23474085816564028
1.0 1.2236408712137753e-10 -7.555950319384873e-10 -0.052222018893604255 -1.2236409272747153e-10 1.0 -7.41944265761522e-09 -0.041850680164926546 7.555950310306139e-10 7.419442657707678e-09 1.0 0.25839557841355987
1.0 1.2236408712137753e-10 -7.555950319384873e-10 -0.05621102750620846 -1.2236409272747153e-10 1.0 -7.41944265761522e-09 -0.045506246206811984 7.555950310306139e-10 7.419442657707678e-09 1.0 0.28096587543713625
1.0 1.2236408712137753e-10 -7.555950319384873e-10 -0.05993972854475041 -1.2236409272747153e-10 1.0 -7.41944265761522e-09 -0.04900909222513672 7.555950310306139e-10 7.419442657707678e-09 1.0 0.3025932449689144
1.0 1.2236408712137753e-10 -7.555950319384873e-10 -0.06345192658864171 -1.2236409272747153e-10 1.0 -7.41944265761522e-09 -0.052382615165001534 7.555950310306139e-10 7.419442657707678e-09 1.0 0.3234221449374495
1.0 1.2236408712137753e-10 -7.555950319384873e-10 -0.06679237210056618 -1.2236409272747153e-10 1.0 -7.41944265761522e-09 -0.05564977859474207 7.555950310306139e-10 7.419442657707678e-09 1.0 0.34359435749381184
1.0 1.2236408712137753e-10 -7.555950319384873e-10 -0.07000559773723478 -1.2236409272747153e-10 1.0 -7.41944265761522e-09 -0.05883353057822138 7.555950310306139e-10 7.419442657707678e-09 1.0 0.3632515690624398
1.0 1.2236408712137753e-10 -7.555950319384873e-10 -0.07313601378044773 -1.2236409272747153e-10 1.0 -7.41944265761522e-09 -0.0619571442742487 7.555950310306139e-10 7.419442657707678e-09 1.0 0.3825374732815723
1.0 1.2236408712137753e-10 -7.555950319384873e-10 -0.07622759490005795 -1.2236409272747153e-10 1.0 -7.41944265761522e-09 -0.06504386183268773 7.555950310306139e-10 7.419442657707678e-09 1.0 0.4015955723361806
1.0 1.2236408712137753e-10 -7.555950319384873e-10 -0.07932550331293117 -1.2236409272747153e-10 1.0 -7.41944265761522e-09 -0.0681165926809647 7.555950310306139e-10 7.419442657707678e-09 1.0 0.42056731409549286
1.0 1.2236408712137753e-10 -7.555950319384873e-10 -0.0824733019347392 -1.2236409272747153e-10 1.0 -7.41944265761522e-09 -0.0711986331098533 7.555950310306139e-10 7.419442657707678e-09 1.0 0.43959653502632445
1.0 1.2236408712137753e-10 -7.555950319384873e-10 -0.08571595903413978 -1.2236409272747153e-10 1.0 -7.41944265761522e-09 -0.07431296219216144 7.555950310306139e-10 7.419442657707678e-09 1.0 0.4588251130063785
1.0 1.2236408712137753e-10 -7.555950319384873e-10 -0.08909796993815408 -1.2236409272747153e-10 1.0 -7.41944265761522e-09 -0.07748277568907969 7.555950310306139e-10 7.419442657707678e-09 1.0 0.478396263802102
1.0 1.2236408712137753e-10 -7.555950319384873e-10 -0.09266378225827185 -1.2236409272747153e-10 1.0 -7.41944265761522e-09 -0.08073109906208986 7.555950310306139e-10 7.419442657707678e-09 1.0 0.49845215170972335
1.0 1.2236408712137753e-10 -7.555950319384873e-10 -0.09645737066434648 -1.2236409272747153e-10 1.0 -7.41944265761522e-09 -0.0840811744610559 7.555950310306139e-10 7.419442657707678e-09 1.0 0.5191362789142158
0.9999999614888587 -4.4371300078956135e-05 0.00027395888150696 -0.1005024319714288 4.437130137401821e-05 0.9999999990155938 1.3507428411240182e-09 -0.08755129559613861 -0.00027395888129720745 1.0805169306328897e-08 0.9999999624732648 0.5405615949190548
0.9999993760419308 -0.0001786021108666113 0.0011027316242002187 -0.1047372400853426 0.00017860212006180564 0.9999999840506372 9.0136573206763e-08 -0.09114057347316562 -0.001102731622710934 1.0681368897603657e-07 0.9999993919912936 0.562722611328633
0.9999968007928538 -0.0004044173730487642 0.002496968290911923 -0.10907876012861531 0.0004044173749126415 0.9999999182231629 5.041630322681474e-07 -0.09484368143264466 -0.0024969682906100434 5.056559421045332e-07 0.9999968825696908 0.5855864407151214
0.9999897614187007 -0.0007234820234857853 0.004466948794402864 -0.1134444063076451 0.0007234820313051337 0.9999997382855382 1.614136376108372e-06 -0.09865499097684616 -0.004466948793136416 1.6176373378687454e-06 0.9999900231331624 0.6091183320268421
0.999974687560414 -0.0011375571450337927 0.007023546269101328 -0.1177516540162856 0.0011375571353838645 0.9999993529736875 3.996267086874157e-06 -0.10256871106056809 -0.007023546270664263 3.993519242509985e-06 0.9999753345867265 0.6332825306052161
0.9999468554654157 -0.0016482857455325673 0.010176905174365609 -0.1219171893836353 0.001648285711566464 0.9999986415409811 8.390784133967026e-06 -0.1065796620673185 -0.010176905179866873 8.384109177224217e-06 0.9999482139244344 0.6580470569026842
0.9999003163875452 -0.0022574079449503184 0.013937768740265902 -0.12585829385534023 0.0022574077653431048 0.9999974519278871 1.574528419178848e-05 -0.11068212259727739 -0.013937768769355692 1.5719512740851516e-05 0.9999028644596578 0.6833765862691417
0.9998278403678923 -0.002966579248809397 0.018316359704839785 -0.12949279339197953 0.002966578991963574 0.9999955993253519 2.7184825567421726e-05 -0.11487041001180565 -0.018316359746439397 2.7156782471772715e-05 0.9998322410425402 0.7092360333710683
0.9997208461011552 -0.003777465643688368 0.023322963450235497 -0.1327375203553283 0.003777465239632739 0.9999928643814505 4.407431556881805e-05 -0.11913910474932032 -0.023322963515677704 4.4039671666701366e-05 0.9997279817197045 0.7355919371822104
0.9995693361482022 -0.004691713195095362 0.028967741705858936 -0.13550917434640938 0.004691712330417496 0.9999889915452037 6.799864100510813e-05 -0.12348269434614756 -0.02896774184590507 6.793895449727164e-05 0.9995803446029976 0.7624102630778937
0.9993618236616157 -0.005710972522721561 0.03526088768840496 -0.13772541123535995 0.005710971170580857 0.9999836871950596 0.00010075744154755625 -0.127895650958885 -0.035260887907402214 0.00010068077250512582 0.9993781364665547 0.7896568814681784
0.999085277452179 -0.0068368238533309525 0.042212157228704354 -0.13930381531902017 0.006836821835179726 0.9999766182327822 0.00014441233558437245 -0.1323721912945668 -0.04221215755557091 0.0001443167598864157 0.9991086592193946 0.8172960855578024
0.9987250415172879 -0.008070837477614771 0.04983124550622415 -0.1401610488687232 0.008070834571567338 0.9999674100274994 0.00020127645965248642 -0.13690705058684627 -0.04983124597689736 0.00020115989845301122 0.9987576314897851 0.8452953700640977
0.9982647952107834 -0.009414471706882817 0.058127156865385415 -0.14021458727832245 0.009414467732511042 0.9999556453977871 0.0002739240929746991 -0.1414944377905214 -0.05812715750908802 0.00027378746411509103 0.9983091498129917 0.8736189803284855
0.9976864137189831 -0.010869274899025338 0.06710945346017376 -0.13938109281915131 0.010869270006016875 0.999940861046638 0.00036521068454634635 -0.14612908813924574 -0.06710945425266183 0.00036506503149795293 0.9977455526723397 0.9022344110682967
0.9969700144363659 -0.012436556168283635 0.07678621220912948 -0.13757875549043816 0.01243654955755544 0.9999225487383379 0.00047828833232482006 -0.15080509455376157 -0.07678621327982522 0.00047811640789318613 0.9970474656980206 0.9311051911979522
0.996093800130929 -0.014117630799765194 0.08716555421338532 -0.13472421370575102 0.014117621681259683 0.9999001513001721 0.0006165938354141981 -0.15551710711786804 -0.08716555569024913 0.0006163850213668718 0.9961936488307459 0.9601982896996741
0.9950340248236303 -0.01591371349069821 0.09825499054105574 -0.13073438487208552 0.01591370282018362 0.9998730617602921 0.0007838549928295208 -0.16025962887236356 -0.09825499226928809 0.0007836383316770578 0.9951609630633264 0.9894797676754186
0.9937649211672092 -0.017825925594885793 0.11006142754942051 -0.12552709495002126 0.017825911591591144 0.9998406214442158 0.0009841676550044266 -0.16502697717860915 -0.11006142981744114 0.0009839139850494933 0.9939242997229771 1.0189145397916644
0.9922587216867678 -0.019855158589195843 0.1225903826323235 -0.1190192613465543 0.01985514152354992 0.9998021205883106 0.0012218928745574835 -0.16981365507740365 -0.12259038539633278 0.00122161553484434 0.9924566010984378 1.0484686671503667
0.9904854571121151 -0.02200227732523264 0.13584719004053059 -0.11112818936509597 0.022002256556608618 0.9997567931235904 0.0015017688408504471 -0.17461402631878142 -0.1358471934042866 0.0015014645309596349 0.9907286639885012 1.0781073508365324
0.9884130343063708 -0.024267908990997452 0.1498357173923411 -0.10177062632220032 0.024267883084981023 0.9997038186895885 0.0018288652296145297 -0.17942274873877773 -0.1498357215881665 0.0018285214406908769 0.9887092156167527 1.1077976076956997
0.9860071234601222 -0.02665251145512303 0.16455879228722478 -0.09086409532725229 0.026652479032963326 0.9996423197609008 0.0022085978453549706 -0.1842342015918994 -0.1645587975384267 0.0022082065527463473 0.9863648036991829 1.1375047345395055
0.9832311915416493 -0.029156274188126056 0.18001759818155386 -0.07832628958007895 0.029156235977367564 0.9995713625248936 0.002646719433493468 -0.18904260933741668 -0.1800176043702966 0.002646298470390097 0.983659829016711 1.1671930724360067
0.9800513829534122 -0.0317752466959216 0.1961877174252186 -0.06428387672612637 0.03177519922245939 0.9994900815186636 0.003148596542626409 -0.1938566549788745 -0.19618772511418014 0.0031481174102225436 0.9805613014346907 1.1969162313448356
0.976455101672098 -0.03448944435338448 0.21294579743852063 -0.048951499210892285 0.03448939000072369 0.9993981548600471 0.0037161861782405003 -0.19868702795870163 -0.21294580624166007 0.0037156817043659703 0.9770569468119866 1.2267402087911048
0.9724423162476249 -0.037275015826305914 0.23014455189315894 -0.03237800450468084 0.03727495341670172 0.9992955816922199 0.004349512408358201 -0.20353169767186796 -0.23014456200122782 0.004348977529993557 0.9731467345553324 1.2566524669731027
0.9680221007900118 -0.0401083070537555 0.24763791326728207 -0.014611392711668725 0.040108231984368636 0.999182593892997 0.005047156461852127 -0.20838865664530815 -0.2476379254257722 0.0050465598722311275 0.9688395068969246 1.2866406109176944
0.9632133860668252 -0.042965814688772905 0.26528081662610153 0.004299682646047381 0.04296573031350522 0.9990596755198294 0.005806097556899769 -0.2132559439193742 -0.26528083029180305 0.005805473136887761 0.9641537105468965 1.316692532831647
0.958045057034084 -0.045824459348075226 0.2829307116910698 0.024307124490187154 0.04582436073436318 0.9989275647420887 0.006621809550805796 -0.2181315171983098 -0.28293072766287797 0.006621127086591108 0.9591174922918764 1.3467956227375861
0.9525561849030988 -0.04866155887839737 0.30044761155711946 0.04536220618231557 0.04866145030309691 0.9987872604909049 0.007488092912910168 -0.22301329554992122 -0.3004476291423394 0.007487387301149294 0.9537689244120663 1.3769370321029326
0.9467959922907888 -0.0514549195145904 0.3176944132965634 0.06741679485750376 0.05145479373094661 0.9986400206900452 0.008397218485411048 -0.22789936440323422 -0.31769443366890515 0.008396447697271464 0.948155971600591 1.4071049395529762
0.9408234885242133 -0.05418289602019072 0.334537557263747 0.09042238168329034 0.05418275897446274 0.9984873540468147 0.009339830753621202 -0.23278762732158254 -0.3345375794601331 0.009339035681279499 0.9423361344772357 1.4372864008285031
0.9347069530144438 -0.05682449773970862 0.3508473862565948 0.11433073682064253 0.05682434662985587 0.9983310056586208 0.010305181742057853 -0.23767613491130057 -0.3508474107308537 0.010304348464444698 0.9363759473556436 1.4674693795505673
0.9285233851516698 -0.05935933466502411 0.36649801174714386 0.1390933395082159 0.05935916744201283 0.9981729437594808 0.011281116395254224 -0.24256283331064954 -0.36649803883114435 0.011280236462852042 0.9303504413919882 1.4976411943275068
0.9223575358008829 -0.06176768864311823 0.38136770811253806 0.16466177788765302 0.0617675063420995 0.9980153348015822 0.012254250738602566 -0.24744566090565467 -0.3813677376386234 0.012253331815169532 0.924342200999081 1.527789115904346
0.916300932022726 -0.06403048379335513 0.3953387144202707 0.19098771321693414 0.06403029040747506 0.9978605184582772 0.013210132948337096 -0.25232267605488656 -0.39533874574169664 0.013209195560942376 0.9184404135642197 1.557901155765455
0.9104506043620658 -0.06612929770607104 0.40829721160161114 0.21802283061180572 0.06612908554377481 0.9977109745861905 0.014133479239663686 -0.2571918519670612 -0.4082972459641298 0.014132486517797156 0.9127396297756174 1.587964799660095
0.9049081200272432 -0.0680461279905991 0.4201321444191663 0.2457185123368196 0.06804590459543726 0.9975692999127221 0.015008222394076554 -0.26205109995774856 -0.4201321806009971 0.01500720950504847 0.9073388201142518 1.6179671511923681
0.8997776484675499 -0.06976352153069715 0.4307356897005891 0.2740264196499562 0.06976328454560911 0.9974381568244772 0.015817946769348574 -0.2668984783855196 -0.4307357280834905 0.015816901536822057 0.9023394916427852 1.6478962218466435
0.8951647700096166 -0.0712642675414156 0.4400016348894805 0.30289855244703884 0.07126402276604707 0.9973202444108621 0.016545970731826298 -0.271731979777309 -0.440001674534121 0.016544916441120737 0.8978445255984612 1.677739616649787
0.8911745259513679 -0.07253136285002466 0.44782492750903535 0.3322859662836597 0.07253110502268045 0.9972182472720331 0.017175741960192996 -0.27654953870539545 -0.4478249692676186 0.017174653149694085 0.8939562786790215 1.7074845827958516
0.8879097754102148 -0.07354772130313746 0.45410016892982763 0.36214066105564185 0.07354746032655232 0.9971347952188089 0.01769099328636161 -0.2813491476967138 -0.45410021119847127 0.01768990828297025 0.8907749801910939 1.7371187253117024
0.8854691194341294 -0.07429605508308211 0.4587205409916139 0.3924140921438754 0.07429578849380082 0.9970724081673893 0.018076191063585153 -0.2861288380393797 -0.45872058416930866 0.018075095307479017 0.8883967112664216 1.7666298885407876
0.8839445875911908 -0.07475866510166353 0.4615767629121477 0.42305806549597613 0.07475839016083738 0.9970334385147422 0.018316811513733225 -0.2908865326149458 -0.46157680744248814 0.01831568933147018 0.8869111490761142 1.796005247501498
0.8834196167048706 -0.07491711474935815 0.46255508508571297 0.4540238306157436 0.0749168418170702 0.9970200195508124 0.018399658340677118 -0.2956202356410731 -0.4625551292907428 0.018398547022226253 0.8863995971537302 1.8252324793963606
0.8834233049825344 -0.07537177037530712 0.4624741727320868 0.4852539519180078 0.07491999080504436 0.9970013374862469 0.01937338453670685 -0.3017652130520607 -0.4625475750574292 0.017533661372543346 0.8864210689775853 1.8540722464229873
0.8834492207694176 -0.07667084324112464 0.46221105148903974 0.5166528329133077 0.07492440192861885 0.9969428677215866 0.022164216536975142 -0.3105719073559811 -0.462497360335762 0.015049926769059033 0.8864929167154684 1.8823381735666298
0.8835195848633881 -0.07871606793237512 0.46173252410036286 0.5481161645527016 0.07492253335850517 0.9968351331511239 0.026576894301721096 -0.32176144124064476 -0.46236323075907554 0.011112963819201467 0.8866209702444349 1.910097887852844
0.883656514512723 -0.08140715970223203 0.4610032957674393 0.5795388142785993 0.07490685780909037 0.9966635356532985 0.03241541843374782 -0.3350545937603689 -0.46210402185265015 0.005888212655936548 0.8868061805937778 1.937418385861847
0.8838820889065869 -0.08464194321321906 0.4599871676027695 0.6108164611128891 0.07486982368715198 0.9964113256474539 0.03948391599801449 -0.3501722948262175 -0.46167841882763255 -0.0004599680137654796 0.8870472512883647 1.9643675956050957
0.8842182300294369 -0.08831615240633646 0.4586484262567034 0.6418443111361823 0.07480386408231926 0.9960622036938892 0.047586429691953994 -0.3668355518504641 -0.46104501255513414 -0.007768114096363736 0.887342748210308 1.9910120595573715
0.8846865450439346 -0.09232323193839495 0.45695310247625576 0.6725177166615504 0.07470140989327788 0.9956025639662052 0.056526400768796725 -0.3847654356767184 -0.4601623804464927 -0.015873105189831788 0.8876928681438473 2.0174198302609034
0.8853083967460919 -0.09655477093370199 0.4548694525474368 0.7027318599114807 0.07455482622459216 0.9950233114410372 0.06610739425763014 -0.40368274467751597 -0.4589886932566916 -0.02461271823373482 0.8881011167449693 2.043658023573518
0.8861045424008092 -0.100900886177817 0.4523690430447069 0.7323822378883935 0.07435647158782129 0.9943213032812417 0.07613317919345423 -0.42330817886777483 -0.45748208169245513 -0.033825390014370925 0.8885752573196677 2.069793893689814
0.8870950949884825 -0.10525059842596936 0.4494269729092265 0.7613641059318302 0.07409865235712516 0.993500424972855 0.08640772707122077 -0.44336324497176083 -0.45560035356245415 -0.043349937828467563 0.8891282813655377 2.0958952019110915
0.8882995222654224 -0.10949248190014217 0.44602169807125913 0.7895726701216136 0.07377355634336508 0.9925722555459962 0.09673561859411504 -0.4635683031846445 -0.45330058584506006 -0.053025596910179114 0.8897791101980562 2.1220285955375866
0.8897360074795202 -0.11351562538738973 0.442135770762006 0.8169034767193099 0.0733733756571074 0.9915563299426835 0.10692236573924663 -0.4836447293470916 -0.45053988140794404 -0.06269168480353694 0.8905523948187494 2.1482625190016593
0.8914217801647178 -0.11721019058711975 0.43775447578579557 0.843251646760094 0.07289012266516441 0.9904800705837085 0.1167743969984407 -0.5033132769600017 -0.4472742334025322 -0.07218726341276009 0.8914789729069071 2.1746630654950576
0.8933724473049771 -0.12046859502334936 0.43286601623298665 0.8685125325567509 0.07231574673392258 0.9893782849717762 0.12609933386272132 -0.5222947815153108 -0.44345924634697964 -0.08135064129684004 0.8925950761627367 2.2012983256783625
0.8956019474251319 -0.12318655785460547 0.42746020134305507 0.8925815222090014 0.0716420507169377 0.9882922848825826 0.13470625898834815 -0.5403101861318464 -0.4390496194479423 -0.09001906245622725 0.8939418325915388 2.228235563491144
0.8981221518912985 -0.12526415361204854 0.42152756980060113 0.9153536890369192 0.07086070959576385 0.9872686873323726 0.1424054031580224 -0.5570807676377282 -0.4339992628078167 -0.0980277044149825 0.8955641847737105 2.255541866417845
0.9009427153720457 -0.12660697042633337 0.4150577052139984 0.9367246031591194 0.06996320163340262 0.9863578214305416 0.14900804850745275 -0.5723272283445826 -0.4282608714735082 -0.10520894991520964 0.8975097229682195 2.283285248451587
0.9040704740307389 -0.12712776845577528 0.4080381213481035 0.9565900882872693 0.06894087832289851 0.9856116910956997 0.15432676265490197 -0.5857704803622925 -0.42178635976273837 -0.11139176299408288 0.8998267287956987 2.3115327820786757
0.9075093930736894 -0.12674755943822527 0.40045194176015375 0.9748442614720413 0.067784847361315 0.9850817302691152 0.15817458442559482 -0.5971315497875751 -0.41452613421981876 -0.11640034736400036 0.9025624871344436 2.3403514979366395
0.911259958158963 -0.12539719022528598 0.392276475638966 0.9913833701078798 0.06648602959343997 0.9848161822931452 0.16036425712251148 -0.6061311249446218 -0.4064294483979047 -0.12005262086751038 0.9057607143709737 2.369808578044421
0.9153187575391423 -0.12301951123716284 0.3834811233319973 1.006102330896197 0.06503514832197226 0.984856926275402 0.1607086315357905 -0.6124905430376609 -0.39744433771251547 -0.12215987320858258 0.9094586102720249 2.399972228279169
0.9198483753123153 -0.11984321703490516 0.3735191692082464 1.0194200947297885 0.0633634384453937 0.9850781597069487 0.16001904241917003 -0.6174238284301808 -0.387122772649286 -0.12352579730200469 0.9137162230677713 2.430437561029147
0.9249409966633892 -0.11614816262701083 0.3619305969515504 1.0318326121823111 0.061418760414621604 0.9853269334443956 0.1592437442984651 -0.6223282125850864 -0.3751158335240829 -0.12506173894294398 0.9185029520323272 2.460761724791893
0.930482357795151 -0.11196368412888574 0.3488075619424895 1.0433503829782176 0.05921657643055304 0.9855976824008555 0.15840014369282265 -0.6271991923037278 -0.36151898830880386 -0.12673334952706605 0.9237113614164488 2.49095419671311
0.9363564538089968 -0.10731970716305861 0.3342440304099317 1.0539845602601678 0.05677265306005621 0.9858847510654284 0.15750594744701144 -0.6320324532257121 -0.3464295848722544 -0.1285057900294519 0.9292323738732653 2.5210241286402573
0.9424477832949656 -0.10224675070296173 0.3183359510534305 1.0637458973449503 0.05410308780296933 0.9861825248333476 0.15657868182964116 -0.6368231135714618 -0.3299470134015307 -0.1303442736909075 0.9349573993842714 2.5509801515080928
0.948642987659313 -0.0967763568355712 0.3011823678810674 1.0726448820284211 0.05122449924128978 0.9864854789412534 0.1556356338231224 -0.6415669480689286 -0.31217388206301233 -0.1322147366812041 0.9407798524426575 2.5808319672115254
0.9548322731009122 -0.09094150812499784 0.28288685431616634 1.0806926793818368 0.04815426590216158 0.9867882644059373 0.15469352897306948 -0.6462593644311181 -0.29321749081589404 -0.13408416510039103 0.9465965031358198 2.610588502848809
0.9609114061794245 -0.0847764282883563 0.2635568756093268 1.0878998980324934 0.04491041946114165 0.9870858044173179 0.15376823124963337 -0.6508957340313077 -0.2731891720001092 -0.13592119748032533 0.9523093532972408 2.640259206761505
0.966783085198263 -0.07831673762389438 0.24330424324799232 1.094277497174843 0.04151172140901693 0.9873733563416791 0.1528745635226072 -0.6554716728637225 -0.2522047643487099 -0.13769656420738166 0.9578269222804786 2.669852800788596
0.9723579994303448 -0.07159979938056459 0.2222462365766417 1.0998363882873765 0.03797785080765586 0.9876465698283564 0.15202610287155613 -0.6599826141947855 -0.23038577167839405 -0.1393833628341074 0.9630652492812761 2.6993791154168036
0.9775565334945228 -0.06466416657932202 0.20050378894867235 1.1045873008295461 0.034329101071709965 0.987901555224968 0.15123501579891466 -0.6644241144222847 -0.20785749118513955 -0.1409576629512966 0.967949482469787 2.7288472501384717
0.9823094212654949 -0.05754993759222828 0.17820270922794398 1.108540770312454 0.030586583433463627 0.9881349359860728 0.15051182411248465 -0.6687915426227884 -0.18475026876006512 -0.142398570803679 0.9724145130684513 2.758265893496641
0.986558900761308 -0.05029831812231559 0.15547223071245245 1.1117079379495893 0.026771984464762713 0.9883438906659903 0.14986532164257269 -0.6730803916591572 -0.16119800301634696 -0.1436886668366006 0.976406048140968 2.7876444983246733
0.9902592041090941 -0.042951815495058644 0.13244565007165093 1.1140995332004053 0.022907672954677116 0.9885261839846214 0.1493024517434451 -0.6772862179291789 -0.13733880441093596 -0.1448141053988894 0.9798810783357815 2.8169921641149114
0.9933773228688062 -0.03555368354860677 0.10925854655874373 1.1157264794724189 0.019016401662198562 0.9886801921757683 0.14882827038942475 -0.6814045298001862 -0.11331315403705598 -0.1457649244002525 0.9828085856039125 2.8463184394273493
0.9958932744881943 -0.028147718661894736 0.08604819442215525 1.1165994092508351 0.015121207847954456 0.9888049306971578 0.14844580863806156 -0.6854307311714388 -0.0892632897802964 -0.1465350298158084 0.9851698077663966 2.8756322278092665
0.9978000975057872 -0.020778447816018213 0.06295412237334892 1.1167292698010802 0.011245507754172738 0.9889000450906043 0.14815613175009573 -0.6893603629362522 -0.06533378890583666 -0.14712225163501913 0.986958225610917 2.904942533026374
0.999103988476363 -0.013490214281751832 0.0401152630460799 1.116126815211606 0.0074126178924881474 0.9889658256470777 0.1479582670828966 -0.69318884870194 -0.041668612967121064 -0.1475283356539557 0.988179698674573 2.9342591259265896
0.9998238267863071 -0.006327628038659691 0.017671347254497025 1.1148028472866824 0.0036459892942622275 0.9890031728531067 0.14784935187059184 -0.6969116771277811 -0.018412554207680613 -0.14775887523222528 0.9888520074498797 2.9635906877692686
0.9999907918895794 0.0006652164593396338 -0.004239531001662949 1.112768143972671 -3.1201285624416725e-05 0.9890135876746498 0.1478246340140833 -0.7005243043470718 0.004291289145654601 -0.1478231405497127 0.9890045014839357 2.992946444608047
0.9996476033450271 0.007444555717717174 -0.025480339807570848 1.1100336890931666 -0.003595955006225073 0.9889991335844828 0.1478775942350144 -0.7040223312394001 0.026300916982810313 -0.14773385650996917 0.9886773838854387 3.022335770578309
0.9988476072023471 0.013967540934369749 -0.04591694008089377 1.1066102121074783 -0.007025758082433121 0.9889623923473646 0.1480000852903284 -0.7074011965267165 0.04747732416125417 -0.14750692974509388 0.9879208517728852 3.051767784231573
0.9976537522425712 0.0201916603463624 -0.06541626318260117 1.1025084424749152 -0.010298276114538825 0.9889064053291209 0.14818254623303354 -0.7106563389309722 0.06768261331676641 -0.14716119852560844 0.9867941251867683 3.0812516041193545
0.9961371802468939 0.02607581499828387 -0.0838496869519641 1.0977394125061246 -0.013391920588770359 0.9888346179911275 0.14841413249850915 -0.7137833767431007 0.08678349262798296 -0.14671792710679987 0.9853641333399408 3.110796711879158
0.9943759345878105 0.03157943329488878 -0.10109025722289999 1.0923138151019596 -0.016285382722064406 0.9887508112719671 0.14868294965671958 -0.7167774533471059 0.1046483971316059 -0.14620045349382607 0.9837042951903714 3.1404118938111756
0.9924532110954722 0.03666311331424213 -0.11701469953981411 1.0862424162803284 -0.01895797101698626 0.9886590179549753 0.14897631204732817 -0.7196344204787222 0.1211495733430582 -0.14563365798609476 0.9818928752875153 3.170106581659076
0.990455776062039 0.04128802758907525 -0.1315015377976539 1.0795359455005404 -0.02138929585429154 0.9885634408950981 0.14928101469544428 -0.7223497168599005 0.1361611313415162 -0.14504351796425657 0.9800114918756568 3.199889893974377
0.9884718065329187 0.04541645961651284 -0.14443279712534102 1.0722054470016953 -0.023559554828068676 0.9884683578342481 0.14958359848849667 -0.7249185651791362 0.14956080725193846 -0.1444563974227733 0.9781430949394788 3.229771106704549
0.986589042666877 0.04901115121976484 -0.15569190070703282 1.0642616502435323 -0.025449180776306507 0.988378013968694 0.149870746648955 -0.727336757185891 0.1612277894392592 -0.14389860513366254 0.9763702122418096 3.2597592812235874
0.9848925675533572 0.052035207858274764 -0.1651634569791443 1.0557154420751123 -0.027038804762898046 0.9882965409527215 0.15012944473979656 -0.729599505909551 0.17104249008696465 -0.1433955518279137 0.9747728875491043 3.2898636338401612
0.9834625127402146 0.0544518521518793 -0.17273239948525373 1.0465775519560314 -0.02830911302870508 0.9882278201882578 0.15034749590695637 -0.7317024854237408 0.17888566223773053 -0.14297122508810695 0.9734264988393189 3.3200932449874387
0.9823714238530015 0.05622443138629126 -0.17828403998203216 1.0368587459036247 -0.029240855536282594 0.9881753657511038 0.1505138494962463 -0.7336410767608472 0.1846384520205173 -0.1426473267816844 0.9723992915451485 3.350457622645786
0.9816818409101997 0.057315803264361746 -0.18170212415742998 1.0265700196705128 -0.029814519890940017 0.9881422027083164 0.15061899491906447 -0.7354109559013678 0.18818038588235986 -0.14244257061327348 0.9717500997922505 3.3809658590238576
0.9814435104438743 0.05768807673003492 -0.1828680442581324 1.0157220057416148 -0.030010198874929426 0.9881307389211196 0.1506553376508423 -0.7370072913928885 0.1893885523760395 -0.1423717970750939 0.9715257318396238 3.4116268957872826
0.9814436911516384 0.05768779648662459 -0.1828671628126962 1.004328455946662 -0.030010050993777224 0.9881307467133347 0.15065531600012813 -0.7378164428345428 0.18938763934850195 -0.14237185654568585 0.9715259011090421 3.4425440960632248
0.9814450197610112 0.057685727047639836 -0.18286068489780258 0.9924142695173324 -0.030008963750237046 0.9881308114270493 0.15065510812169017 -0.737277993026109 0.1893809263916121 -0.14237224590314781 0.9715271526393631 3.473793030469454
0.9814486214593329 0.05768011910830377 -0.18284312208892897 0.9800070667199622 -0.030006016133949664 0.9881309848244919 0.1506545579315434 -0.7354668057268656 0.18936272714381847 -0.14237331452709634 0.9715305434618225 3.5053415812875075
0.9814556684361836 0.057669146084365124 -0.18280875385053175 0.9671348191599949 -0.030000248055204085 0.9881313233207962 0.15065348648112495 -0.7324585300556046 0.18932711377695052 -0.14237541031439532 0.9715371771202054 3.5371580060911545
0.9814672236235971 0.05765114567849402 -0.18275238535938548 0.953825110546028 -0.02999078750438977 0.9881318807650422 0.1506517138322928 -0.7283283228128425 0.1892687021603276 -0.14237883135388338 0.9715480568478575 3.5692097596147367
0.9814844959382779 0.05762423181547513 -0.1826680928363263 0.9401057550931796 -0.029976640540527438 0.9881327112926556 0.1506490819597964 -0.7231515881065883 0.18918135546265744 -0.14238396251369687 0.9715643169467525 3.60146507791157
0.9815085944087786 0.057586660294813304 -0.18255041949498113 0.9260045304581119 -0.02995689119758427 0.9881338696098473 0.1506454128065153 -0.7170034347069036 0.1890594186267373 -0.14239112432296852 0.9715870027653525 3.6338918647836445
0.9815406255625717 0.05753667957326345 -0.18239388935465764 0.9115491658108646 -0.029930620319004585 0.9881354112831952 0.15064052222264257 -0.709959307000016 0.18889721633087944 -0.1424006301667043 0.97161715824216 3.666457859353311
0.9815817284763502 0.057472480690976345 -0.18219282171536297 0.8967672090731007 -0.029896874774482798 0.9881373874849352 0.15063426015739534 -0.70209425415955 0.18868886347662278 -0.14241284147741845 0.9716558523377647 3.69913134307592
0.9816329731791018 0.05739233718859172 -0.18194181927085332 0.8816868250270936 -0.029854748474556915 0.988139851952227 0.15062644846557285 -0.6934839249144616 0.18842876627807603 -0.1424280611953344 0.9717040945797544 3.73187982550221
0.9816954641805654 0.057294448728450804 -0.1816352436951794 0.8663352468144287 -0.029803295203348294 0.9881428579071996 0.15061691791433723 -0.6842033491201573 0.18811108208270547 -0.14244661635818184 0.9717629249388858 3.764671468809925
0.9817703191282791 0.05717696642408796 -0.1812673025928721 0.8507406757754052 -0.029741542809884416 0.9881464586369483 0.15060550094384267 -0.6743281178160291 0.18772980879456772 -0.14246884148401256 0.9718333952361168 3.7974741719786502
0.9818584869935637 0.05703827288493019 -0.18083292550034713 0.834930780663269 -0.029668640389766753 0.9881506985937778 0.15059206036857214 -0.6639329944968643 0.18727969269553107 -0.14249502550943036 0.971916397849596 3.8302559438512143
0.981961105132907 0.05687641056611143 -0.18032598794204688 0.8189330243554642 -0.029583559946784226 0.9881556340044436 0.15057641238305272 -0.6530937746695278 0.18675438679462159 -0.14252549563636413 0.9720130051118523 3.8629844545969583
0.9820791090612909 0.0566896973222047 -0.1797412077485233 0.8027753784567179 -0.02948541521487188 0.9881613065339716 0.15055843569418714 -0.6418855190736268 0.18614841883558295 -0.14256055024652123 0.9721240947936748 3.8956280570855237
0.9822134405211274 0.05647637327376845 -0.17907310384726072 0.7864855840659527 -0.029373285741909668 0.9881677688745443 0.15053793755140074 -0.6303836295204611 0.18545610624720335 -0.14260042012331967 0.9722505607281894 3.9281542275717056
0.9823650992375842 0.056234541352741106 -0.17831569801556457 0.7700913464949416 -0.029246168842998042 0.988175060227759 0.15051482303039704 -0.6186632236806835 0.1846712576659888 -0.14264545805146317 0.9723933359959591 3.9605312976200713
0.9825348874834535 0.05596252856417425 -0.17746377172420597 0.7536204068428227 -0.029103188324412096 0.9881832243053896 0.1504889352436177 -0.6067998798793491 0.18378846347698463 -0.1426958674878426 0.9725531811138458 3.992726714896656
0.9827236844177848 0.0556584632158418 -0.17651146012875446 0.7371005189082774 -0.028943359945366308 0.9881923027210451 0.15046014341994773 -0.5948686155226192 0.18280164659927725 -0.14275191177469065 0.9727309235781825 4.024708937527318
0.982932256366143 0.05532056003507215 -0.17545317048252201 0.7205594722770655 -0.028765745001089055 0.9882023319281803 0.15042833205961828 -0.5829446733193837 0.18170501178970072 -0.14281381869102314 0.9729272849917368 4.056445577857736
0.9831612773943708 0.054947084751789374 -0.17428344875388718 0.7040248752875728 -0.02856942855061749 0.9882133388068268 0.15039343322284676 -0.5711037244967888 0.18049290951325567 -0.14288182138236963 0.9731428953313569 4.087904657152366
0.98341143647889 0.05453614506805934 -0.17299640309452027 0.6875248807923301 -0.02835342123095614 0.9882253651530303 0.1503552831551319 -0.5594207543036964 0.17915923115214055 -0.14295606510139933 0.9733784122034443 4.119054062184546
0.9836832489290648 0.05408601901856562 -0.17158662046640752 0.6710865645434572 -0.028116814837237405 0.9882384307544531 0.15031383403860202 -0.5479712536397511 0.17769836943474787 -0.143036731389875 0.9736343168631294 4.14986181925652
0.983977241703966 0.053594815831630976 -0.17004818000975008 0.6547381942609848 -0.027858615623680454 0.9882525611713476 0.15026900170628563 -0.5368302375520333 0.17610418888881332 -0.14312397092816145 0.973911106621938 4.180295626314946
0.9842937634197706 0.05306078501302625 -0.16837559320384304 0.6385073178671488 -0.027577902597943512 0.9882677716693302 0.15022074013941977 -0.5260732259175154 0.174371002696099 -0.14321789194628634 0.9742091094037353 4.210323688578477
0.9846331038855441 0.05248209989167125 -0.16656314095165278 0.6224218763733061 -0.027273715818523475 0.9882840766312689 0.15016899913940485 -0.5157754923916607 0.17249288436967458 -0.1433185719578617 0.97452859977211 4.23991380946537
0.9849954498750811 0.051856917505959325 -0.16460505409059187 0.6065093751787243 -0.026945087030254257 0.9883014858662255 0.1501137412748839 -0.5060122239630398 0.17046385543662496 -0.1434260546113951 0.9748697558383328 4.269034002906318
0.9853808388513469 0.051183446443853524 -0.16249571451193684 0.5907976463919166 -0.0265910734602556 0.9883199992666578 0.15005496946714064 -0.4968588197151891 0.16827809494062795 -0.14354035620578065 0.9752326127152795 4.29765210112372
0.9857892685003159 0.05045973702890759 -0.1602290018959915 0.5753146008162728 -0.02621064810340011 0.9883396129391259 0.14999270456038372 -0.48839056588536256 0.16592926214387832 -0.14366149252430982 0.9756171664798011 4.325735985218548
0.9862204429470508 0.04968409801284424 -0.1577996461275284 0.5600876349480737 -0.02580292604653382 0.9883603199706417 0.14992693858999492 -0.4806826572143672 0.16341189344952897 -0.14378931918672225 0.9760231476594491 4.353253716984814
0.9866740515891586 0.04885461771117258 -0.1552016180615708 0.5451447684936954 -0.02536689612432396 0.9883820941019651 0.1498577880513127 -0.4738103721872208 0.16071974521399748 -0.14392380757508322 0.9764502553184357 4.380173129660174
0.987149587386237 0.047969422884838506 -0.15242908709061256 0.5305136884862562 -0.024901579173819903 0.9884049210929736 0.14978525733142936 -0.46784915150895023 0.1578467721489166 -0.14406472999068184 0.9768980244093444 4.406462312446836
0.9876463651003449 0.04702666932607659 -0.1494762518802635 0.5162221845115161 -0.02440600193582652 0.9884287610864421 0.1497094897681159 -0.4628742378884456 0.15478696512815465 -0.14421191569775715 0.9773658060302695 4.432088877690477
0.9881634934311563 0.046024553272297306 -0.14633745503465168 0.5022978589428462 -0.02387921505232178 0.9884535690094615 0.14963062855225456 -0.458960853136969 0.1515344625437336 -0.14436510107551367 0.9778527620521602 4.457021054326028
0.988699958494643 0.044961130863463046 -0.14300660398796197 0.4887687314867658 -0.02332019606381194 0.9884792948946809 0.14954882821359705 -0.45618439341537476 0.14808295151109258 -0.1445239782042867 0.9783579402221716 4.481226656531972
0.9892545147963147 0.043834495979914484 -0.13947774703261764 0.47566217439602976 -0.02272794582972532 0.9885058847177952 0.1494642310275272 -0.4546200447587977 0.14442626296303968 -0.14468812266553122 0.9788801774099091 4.504673692351261
0.9898256317132381 0.04264289549920464 -0.13574535817821934 0.46300620737701415 -0.022101537406726504 0.9885332543854588 0.1493771301717668 -0.45434308565225523 0.14055867403952063 -0.14485713112421425 0.9794180265416366 4.527329995021551
0.9904116245404672 0.04138440748237262 -0.13180343240009212 0.4508284991838962 -0.021439962826037884 0.9885613278942998 0.14928773890000693 -0.45542904448347477 0.1364739607732216 -0.1450304513169268 0.9799699108756746 4.549163449501041
0.9910191624010445 0.04003774332702109 -0.12758526115195218 0.4391482892507623 -0.020732026695171053 0.9885904158704549 0.14919508275473356 -0.45722985458344756 0.13210300081013668 -0.1452100849058379 0.9805421094571086 4.570262078899806
0.9916508010612258 0.038587747083070466 -0.12304338474571498 0.4279507093308214 -0.019969763735253408 0.9886206452052856 0.1490987203507902 -0.4590444694871052 0.12739661412685666 -0.14539671815050698 0.9811370429558119 4.590733508473874
0.9922985625182941 0.03704181997459341 -0.11820095768265669 0.41721259673294464 -0.019157060327753907 0.9886516241170006 0.14899990996781107 -0.4608682429502329 0.12237879662640168 -0.1455880135992892 0.9817471978225795 4.6105755204643275
0.9929548327691445 0.035406940647480234 -0.11307983301360987 0.40691046802169933 -0.018297584276152416 0.9886829858628725 0.14889980481831375 -0.4626967072116164 0.11707219349639428 -0.14578169301822724 0.9823654103696252 4.629785880679663
0.9936120685457434 0.03369054542688534 -0.10770331651851726 0.3970210877750203 -0.017395246692665452 0.9887143746236063 0.14879949867238265 -0.46452489572043043 0.11150095350601379 -0.1459754519139779 0.9829845903195836 4.6483622577557195
0.9942631148635211 0.03189996246956469 -0.10209432313468213 0.38752112398328714 -0.016453894079298478 0.9887454331879908 0.1487001604555953 -0.4663485481757891 0.10568882529158773 -0.14616723553632988 0.9835979928121811 4.666302579984812
0.9949012205609721 0.030042485914914784 -0.09627569977071149 0.3783872595471229 -0.015477360811284327 0.9887758379436015 0.14860280482294383 -0.46816264500312543 0.09965948338520199 -0.14635501815442054 0.9841992664254601 4.683604561429855
