{
   "origin_transformation_mtx": [
      [
         -0.7678427961387309,
         -0.6406383070160654,
         1.2021145039395212e-06,
         2.4353469958755083
      ],
      [
         0.26665372435662815,
         -0.31959850985276905,
         0.9092593600214567,
         0.5462201582324964
      ],
      [
         -0.5825059928486529,
         0.6981685699624978,
         0.4162300039784807,
         -4.676882368277332
      ],
      [
         0.0,
         0.0,
         0.0,
         1.0
      ]
   ],
   "Camera": [
      [
         [
            -0.7678427696228027,
            0.26665374636650085,
            -0.5825060606002808,
            -1.0
         ],
         [
            -0.6406382918357849,
            -0.319598525762558,
            0.6981686353683472,
            5.0
         ],
         [
            1.2021145039398107e-06,
            0.9092594981193542,
            0.41623005270957947,
            1.4500000476837158
         ],
         [
            0.0,
            0.0,
            0.0,
            1.0
         ]
      ],
      [
         [
            -0.7678020000457764,
            0.26667410135269165,
            -0.5825504660606384,
            -0.9710144996643066
         ],
         [
            -0.6406871676445007,
            -0.3195815682411194,
            0.6981315612792969,
            4.971014499664307
         ],
         [
            1.2021145039398107e-06,
            0.9092594981193542,
            0.41623005270957947,
            1.4500000476837158
         ],
         [
            0.0,
            0.0,
            0.0,
            1.0
         ]
      ],
      [
         [
            -0.76776123046875,
            0.26669445633888245,
            -0.5825949311256409,
            -0.9420289993286133
         ],
         [
            -0.6407360434532166,
            -0.3195645809173584,
            0.6980944871902466,
            4.942028999328613
         ],
         [
            1.2021145039398107e-06,
            0.9092594981193542,
            0.41623005270957947,
            1.4500000476837158
         ],
         [
            0.0,
            0.0,
            0.0,
            1.0
         ]
      ],
      [
         [
            -0.7677204608917236,
            0.26671478152275085,
            -0.5826393961906433,
            -0.9130434989929199
         ],
         [
            -0.6407849192619324,
            -0.3195476233959198,
            0.6980573534965515,
            4.91304349899292
         ],
         [
            1.2021145039398107e-06,
            0.9092594981193542,
            0.41623005270957947,
            1.4500000476837158
         ],
         [
            0.0,
            0.0,
            0.0,
            1.0
         ]
      ],
      [
         [
            -0.7676795125007629,
            0.2667351961135864,
            -0.5826839804649353,
            -0.8840579986572266
         ],
         [
            -0.6408339738845825,
            -0.31953057646751404,
            0.6980201601982117,
            4.884057998657227
         ],
         [
            1.2021145039398107e-06,
            0.9092594981193542,
            0.41623005270957947,
            1.4500000476837158
         ],
         [
            0.0,
            0.0,
            0.0,
            1.0
         ]
      ],
      [
         [
            -0.7676386833190918,
            0.2667555510997772,
            -0.582728385925293,
            -0.8550724983215332
         ],
         [
            -0.6408828496932983,
            -0.31951358914375305,
            0.6979830265045166,
            4.855072498321533
         ],
         [
            1.2021145039398107e-06,
            0.9092594981193542,
            0.41623005270957947,
            1.4500000476837158
         ],
         [
            0.0,
            0.0,
            0.0,
            1.0
         ]
      ],
      [
         [
            -0.7675979137420654,
            0.26677587628364563,
            -0.5827728509902954,
            -0.8260869383811951
         ],
         [
            -0.6409317255020142,
            -0.31949660181999207,
            0.6979459524154663,
            4.82608699798584
         ],
         [
            1.2021145039398107e-06,
            0.9092594981193542,
            0.41623005270957947,
            1.4500000476837158
         ],
         [
            0.0,
            0.0,
            0.0,
            1.0
         ]
      ],
      [
         [
            -0.7675570845603943,
            0.2667962312698364,
            -0.5828172564506531,
            -0.7971014380455017
         ],
         [
            -0.64098060131073,
            -0.3194796144962311,
            0.697908878326416,
            4.7971014976501465
         ],
         [
            1.2021145039398107e-06,
            0.9092594981193542,
            0.41623005270957947,
            1.4500000476837158
         ],
         [
            0.0,
            0.0,
            0.0,
            1.0
         ]
      ],
      [
         [
            -0.7675163149833679,
            0.26681655645370483,
            -0.5828617215156555,
            -0.7681159377098083
         ],
         [
            -0.641029417514801,
            -0.3194626271724701,
            0.697871744632721,
            4.768115997314453
         ],
         [
            1.2021145039398107e-06,
            0.9092594981193542,
            0.41623005270957947,
            1.4500000476837158
         ],
         [
            0.0,
            0.0,
            0.0,
            1.0
         ]
      ],
      [
         [
            -0.7674754858016968,
            0.26683688163757324,
            -0.5829061269760132,
            -0.739130437374115
         ],
         [
            -0.6410782933235168,
            -0.3194456398487091,
            0.6978346705436707,
            4.73913049697876
         ],
         [
            1.2021145039398107e-06,
            0.9092594981193542,
            0.41623005270957947,
            1.4500000476837158
         ],
         [
            0.0,
            0.0,
            0.0,
            1.0
         ]
      ],
      [
         [
            -0.7674346566200256,
            0.26685723662376404,
            -0.5829505324363708,
            -0.7101449370384216
         ],
         [
            -0.6411271691322327,
            -0.3194286525249481,
            0.6977975368499756,
            4.710144996643066
         ],
         [
            1.2021145039398107e-06,
            0.9092594981193542,
            0.41623005270957947,
            1.4500000476837158
         ],
         [
            0.0,
            0.0,
            0.0,
            1.0
         ]
      ],
      [
         [
            -0.7673937082290649,
            0.2668776214122772,
            -0.5829951167106628,
            -0.6811593770980835
         ],
         [
            -0.641176164150238,
            -0.31941160559654236,
            0.697760283946991,
            4.681159496307373
         ],
         [
            1.2021145039398107e-06,
            0.9092594981193542,
            0.41623005270957947,
            1.4500000476837158
         ],
         [
            0.0,
            0.0,
            0.0,
            1.0
         ]
      ],
      [
         [
            -0.7673528790473938,
            0.266897976398468,
            -0.5830395221710205,
            -0.6521738767623901
         ],
         [
            -0.6412250399589539,
            -0.31939461827278137,
            0.6977231502532959,
            4.65217399597168
         ],
         [
            1.2021145039398107e-06,
            0.9092594981193542,
            0.41623005270957947,
            1.4500000476837158
         ],
         [
            0.0,
            0.0,
            0.0,
            1.0
         ]
      ],
      [
         [
            -0.7673120498657227,
            0.2669183015823364,
            -0.5830839276313782,
            -0.6231883764266968
         ],
         [
            -0.6412738561630249,
            -0.3193776309490204,
            0.6976860761642456,
            4.623188495635986
         ],
         [
            1.2021145039398107e-06,
            0.9092594981193542,
            0.41623005270957947,
            1.4500000476837158
         ],
         [
            0.0,
            0.0,
            0.0,
            1.0
         ]
      ],
      [
         [
            -0.7672712206840515,
            0.26693862676620483,
            -0.5831283926963806,
            -0.5942028760910034
         ],
         [
            -0.6413227319717407,
            -0.3193606436252594,
            0.6976489424705505,
            4.594202995300293
         ],
         [
            1.2021145039398107e-06,
            0.9092594981193542,
            0.41623005270957947,
            1.4500000476837158
         ],
         [
            0.0,
            0.0,
            0.0,
            1.0
         ]
      ],
      [
         [
            -0.7672303915023804,
            0.26695895195007324,
            -0.5831727981567383,
            -0.5652173757553101
         ],
         [
            -0.6413715481758118,
            -0.3193436563014984,
            0.6976118087768555,
            4.5652174949646
         ],
         [
            1.2021145039398107e-06,
            0.9092594981193542,
            0.41623005270957947,
            1.4500000476837158
         ],
         [
            0.0,
            0.0,
            0.0,
            1.0
         ]
      ],
      [
         [
            -0.7671895623207092,
            0.26697927713394165,
            -0.583217203617096,
            -0.5362318754196167
         ],
         [
            -0.6414204239845276,
            -0.31932663917541504,
            0.6975746750831604,
            4.536231994628906
         ],
         [
            1.2021145039398107e-06,
            0.9092594981193542,
            0.41623005270957947,
            1.4500000476837158
         ],
         [
            0.0,
            0.0,
            0.0,
            1.0
         ]
      ],
      [
         [
            -0.7671487331390381,
            0.26699960231781006,
            -0.5832616090774536,
            -0.5072463750839233
         ],
         [
            -0.6414692401885986,
            -0.31930965185165405,
            0.6975375413894653,
            4.507246494293213
         ],
         [
            1.2021145039398107e-06,
            0.9092594981193542,
            0.41623005270957947,
            1.4500000476837158
         ],
         [
            0.0,
            0.0,
            0.0,
            1.0
         ]
      ],
      [
         [
            -0.7671079039573669,
            0.26701992750167847,
            -0.5833060145378113,
            -0.47826087474823
         ],
         [
            -0.6415180563926697,
            -0.31929266452789307,
            0.6975004076957703,
            4.4782609939575195
         ],
         [
            1.2021145039398107e-06,
            0.9092594981193542,
            0.41623005270957947,
            1.4500000476837158
         ],
         [
            0.0,
            0.0,
            0.0,
            1.0
         ]
      ],
      [
         [
            -0.7670668959617615,
            0.26704034209251404,
            -0.5833505392074585,
            -0.4492753744125366
         ],
         [
            -0.6415671110153198,
            -0.3192755877971649,
            0.6974631547927856,
            4.449275493621826
         ],
         [
            1.2021145039398107e-06,
            0.9092594981193542,
            0.41623005270957947,
            1.4500000476837158
         ],
         [
            0.0,
            0.0,
            0.0,
            1.0
         ]
      ],
      [
         [
            -0.7670260667800903,
            0.26706066727638245,
            -0.5833949446678162,
            -0.42028987407684326
         ],
         [
            -0.6416159272193909,
            -0.31925860047340393,
            0.6974260210990906,
            4.420289993286133
         ],
         [
            1.2021145039398107e-06,
            0.9092594981193542,
            0.41623005270957947,
            1.4500000476837158
         ],
         [
            0.0,
            0.0,
            0.0,
            1.0
         ]
      ],
      [
         [
            -0.7669852375984192,
            0.26708099246025085,
            -0.5834393501281738,
            -0.3913043737411499
         ],
         [
            -0.6416647434234619,
            -0.31924158334732056,
            0.6973888874053955,
            4.3913044929504395
         ],
         [
            1.2021145039398107e-06,
            0.9092594981193542,
            0.41623005270957947,
            1.4500000476837158
         ],
         [
            0.0,
            0.0,
            0.0,
            1.0
         ]
      ],
      [
         [
            -0.766944408416748,
            0.26710131764411926,
            -0.5834837555885315,
            -0.36231881380081177
         ],
         [
            -0.641713559627533,
            -0.31922459602355957,
            0.6973517537117004,
            4.362318992614746
         ],
         [
            1.2021145039398107e-06,
            0.9092594981193542,
            0.41623005270957947,
            1.4500000476837158
         ],
         [
            0.0,
            0.0,
            0.0,
            1.0
         ]
      ],
      [
         [
            -0.7669035196304321,
            0.26712164282798767,
            -0.5835281610488892,
            -0.3333333134651184
         ],
         [
            -0.641762375831604,
            -0.3192075788974762,
            0.6973146200180054,
            4.333333492279053
         ],
         [
            1.2021145039398107e-06,
            0.9092594981193542,
            0.41623005270957947,
            1.4500000476837158
         ],
         [
            0.0,
            0.0,
            0.0,
            1.0
         ]
      ],
      [
         [
            -0.766862690448761,
            0.2671419382095337,
            -0.583572506904602,
            -0.30434781312942505
         ],
         [
            -0.641811192035675,
            -0.3191905915737152,
            0.6972774267196655,
            4.304347991943359
         ],
         [
            1.2021145039398107e-06,
            0.9092594981193542,
            0.41623005270957947,
            1.4500000476837158
         ],
         [
            0.0,
            0.0,
            0.0,
            1.0
         ]
      ],
      [
         [
            -0.7668218016624451,
            0.2671622633934021,
            -0.5836169123649597,
            -0.2753623127937317
         ],
         [
            -0.6418600082397461,
            -0.31917357444763184,
            0.6972402930259705,
            4.275362491607666
         ],
         [
            1.2021145039398107e-06,
            0.9092594981193542,
            0.41623005270957947,
            1.4500000476837158
         ],
         [
            0.0,
            0.0,
            0.0,
            1.0
         ]
      ],
      [
         [
            -0.7667807936668396,
            0.2671826481819153,
            -0.5836614370346069,
            -0.24637681245803833
         ],
         [
            -0.6419090032577515,
            -0.3191564977169037,
            0.6972030401229858,
            4.246376991271973
         ],
         [
            1.2021145039398107e-06,
            0.9092594981193542,
            0.41623005270957947,
            1.4500000476837158
         ],
         [
            0.0,
            0.0,
            0.0,
            1.0
         ]
      ],
      [
         [
            -0.7667399644851685,
            0.2672029733657837,
            -0.5837058424949646,
            -0.21739131212234497
         ],
         [
            -0.6419578194618225,
            -0.3191395103931427,
            0.697165846824646,
            4.217391490936279
         ],
         [
            1.2021145039398107e-06,
            0.9092594981193542,
            0.41623005270957947,
            1.4500000476837158
         ],
         [
            0.0,
            0.0,
            0.0,
            1.0
         ]
      ],
      [
         [
            -0.7666990756988525,
            0.2672232985496521,
            -0.5837502479553223,
            -0.1884058117866516
         ],
         [
            -0.6420066356658936,
            -0.3191224932670593,
            0.6971287131309509,
            4.188405990600586
         ],
         [
            1.2021145039398107e-06,
            0.9092594981193542,
            0.41623005270957947,
            1.4500000476837158
         ],
         [
            0.0,
            0.0,
            0.0,
            1.0
         ]
      ],
      [
         [
            -0.7666581869125366,
            0.2672435939311981,
            -0.5837945938110352,
            -0.15942031145095825
         ],
         [
            -0.6420554518699646,
            -0.31910547614097595,
            0.6970915198326111,
            4.159420490264893
         ],
         [
            1.2021145039398107e-06,
            0.9092594981193542,
            0.41623005270957947,
            1.4500000476837158
         ],
         [
            0.0,
            0.0,
            0.0,
            1.0
         ]
      ],
      [
         [
            -0.7666173577308655,
            0.26726391911506653,
            -0.5838389992713928,
            -0.1304348111152649
         ],
         [
            -0.6421042680740356,
            -0.3190884590148926,
            0.697054386138916,
            4.130434989929199
         ],
         [
            1.2021145039398107e-06,
            0.9092594981193542,
            0.41623005270957947,
            1.4500000476837158
         ],
         [
            0.0,
            0.0,
            0.0,
            1.0
         ]
      ],
      [
         [
            -0.7665764689445496,
            0.26728424429893494,
            -0.5838833451271057,
            -0.10144925117492676
         ],
         [
            -0.6421530246734619,
            -0.3190714418888092,
            0.6970171928405762,
            4.101449012756348
         ],
         [
            1.2021145039398107e-06,
            0.9092594981193542,
            0.41623005270957947,
            1.4500000476837158
         ],
         [
            0.0,
            0.0,
            0.0,
            1.0
         ]
      ],
      [
         [
            -0.7665355801582336,
            0.26730453968048096,
            -0.5839276909828186,
            -0.0724637508392334
         ],
         [
            -0.642201840877533,
            -0.31905442476272583,
            0.6969800591468811,
            4.0724639892578125
         ],
         [
            1.2021145039398107e-06,
            0.9092594981193542,
            0.41623005270957947,
            1.4500000476837158
         ],
         [
            0.0,
            0.0,
            0.0,
            1.0
         ]
      ],
      [
         [
            -0.7664946913719177,
            0.26732486486434937,
            -0.5839720964431763,
            -0.04347825050354004
         ],
         [
            -0.642250657081604,
            -0.31903740763664246,
            0.6969428658485413,
            4.043478012084961
         ],
         [
            1.2021145039398107e-06,
            0.9092594981193542,
            0.41623005270957947,
            1.4500000476837158
         ],
         [
            0.0,
            0.0,
            0.0,
            1.0
         ]
      ],
      [
         [
            -0.7664536833763123,
            0.26734524965286255,
            -0.5840166211128235,
            -0.01449275016784668
         ],
         [
            -0.6422995924949646,
            -0.3190203309059143,
            0.6969055533409119,
            4.014492988586426
         ],
         [
            1.2021145039398107e-06,
            0.9092594981193542,
            0.41623005270957947,
            1.4500000476837158
         ],
         [
            0.0,
            0.0,
            0.0,
            1.0
         ]
      ],
      [
         [
            -0.7664127945899963,
            0.26736554503440857,
            -0.5840609669685364,
            0.01449275016784668
         ],
         [
            -0.6423484086990356,
            -0.31900331377983093,
            0.696868360042572,
            3.9855072498321533
         ],
         [
            1.2021145039398107e-06,
            0.9092594981193542,
            0.41623005270957947,
            1.4500000476837158
         ],
         [
            0.0,
            0.0,
            0.0,
            1.0
         ]
      ],
      [
         [
            -0.7663719058036804,
            0.2673858404159546,
            -0.5841053128242493,
            0.04347825050354004
         ],
         [
            -0.6423971652984619,
            -0.31898629665374756,
            0.6968311667442322,
            3.95652174949646
         ],
         [
            1.2021145039398107e-06,
            0.9092594981193542,
            0.41623005270957947,
            1.4500000476837158
         ],
         [
            0.0,
            0.0,
            0.0,
            1.0
         ]
      ],
      [
         [
            -0.7663309574127197,
            0.267406165599823,
            -0.5841496586799622,
            0.0724637508392334
         ],
         [
            -0.642445981502533,
            -0.3189692795276642,
            0.6967939734458923,
            3.9275362491607666
         ],
         [
            1.2021145039398107e-06,
            0.9092594981193542,
            0.41623005270957947,
            1.4500000476837158
         ],
         [
            0.0,
            0.0,
            0.0,
            1.0
         ]
      ],
      [
         [
            -0.7662900686264038,
            0.267426460981369,
            -0.5841940641403198,
            0.10144925117492676
         ],
         [
            -0.6424947381019592,
            -0.3189522624015808,
            0.6967568397521973,
            3.8985507488250732
         ],
         [
            1.2021145039398107e-06,
            0.9092594981193542,
            0.41623005270957947,
            1.4500000476837158
         ],
         [
            0.0,
            0.0,
            0.0,
            1.0
         ]
      ],
      [
         [
            -0.7662491798400879,
            0.26744675636291504,
            -0.5842384099960327,
            0.13043475151062012
         ],
         [
            -0.6425435543060303,
            -0.31893521547317505,
            0.6967196464538574,
            3.86956524848938
         ],
         [
            1.2021145039398107e-06,
            0.9092594981193542,
            0.41623005270957947,
            1.4500000476837158
         ],
         [
            0.0,
            0.0,
            0.0,
            1.0
         ]
      ],
      [
         [
            -0.766208291053772,
            0.26746705174446106,
            -0.5842827558517456,
            0.15942025184631348
         ],
         [
            -0.6425923109054565,
            -0.3189181983470917,
            0.6966824531555176,
            3.8405797481536865
         ],
         [
            1.2021145039398107e-06,
            0.9092594981193542,
            0.41623005270957947,
            1.4500000476837158
         ],
         [
            0.0,
            0.0,
            0.0,
            1.0
         ]
      ],
      [
         [
            -0.7661672234535217,
            0.26748743653297424,
            -0.5843272805213928,
            0.18840575218200684
         ],
         [
            -0.6426412463188171,
            -0.3189011216163635,
            0.6966450810432434,
            3.811594247817993
         ],
         [
            1.2021145039398107e-06,
            0.9092594981193542,
            0.41623005270957947,
            1.4500000476837158
         ],
         [
            0.0,
            0.0,
            0.0,
            1.0
         ]
      ],
      [
         [
            -0.7661263346672058,
            0.26750773191452026,
            -0.5843716263771057,
            0.2173912525177002
         ],
         [
            -0.6426900625228882,
            -0.31888407468795776,
            0.6966078877449036,
            3.7826087474823
         ],
         [
            1.2021145039398107e-06,
            0.9092594981193542,
            0.41623005270957947,
            1.4500000476837158
         ],
         [
            0.0,
            0.0,
            0.0,
            1.0
         ]
      ],
      [
         [
            -0.7660853862762451,
            0.2675280272960663,
            -0.5844159722328186,
            0.24637675285339355
         ],
         [
            -0.6427388191223145,
            -0.3188670575618744,
            0.6965706944465637,
            3.7536232471466064
         ],
         [
            1.2021145039398107e-06,
            0.9092594981193542,
            0.41623005270957947,
            1.4500000476837158
         ],
         [
            0.0,
            0.0,
            0.0,
            1.0
         ]
      ],
      [
         [
            -0.7660444974899292,
            0.2675483524799347,
            -0.5844603180885315,
            0.27536237239837646
         ],
         [
            -0.6427875757217407,
            -0.31885001063346863,
            0.6965335011482239,
            3.724637508392334
         ],
         [
            1.2021145039398107e-06,
            0.9092594981193542,
            0.41623005270957947,
            1.4500000476837158
         ],
         [
            0.0,
            0.0,
            0.0,
            1.0
         ]
      ],
      [
         [
            -0.7704812288284302,
            0.2653319537639618,
            -0.5796185731887817,
            0.3043478727340698
         ],
         [
            -0.6374626755714417,
            -0.32069674134254456,
            0.7005676627159119,
            3.6956520080566406
         ],
         [
            1.2021145039398107e-06,
            0.9092594981193542,
            0.41623005270957947,
            1.4500000476837158
         ],
         [
            0.0,
            0.0,
            0.0,
            1.0
         ]
      ],
      [
         [
            -0.783096432685852,
            0.2588544487953186,
            -0.5654683113098145,
            0.3333333730697632
         ],
         [
            -0.6219002604484558,
            -0.3259475827217102,
            0.7120381593704224,
            3.6666665077209473
         ],
         [
            1.2021145039398107e-06,
            0.9092594981193542,
            0.41623005270957947,
            1.4500000476837158
         ],
         [
            0.0,
            0.0,
            0.0,
            1.0
         ]
      ],
      [
         [
            -0.8025910258293152,
            0.24829447269439697,
            -0.5423998832702637,
            0.36231887340545654
         ],
         [
            -0.5965297222137451,
            -0.3340618312358856,
            0.7297637462615967,
            3.637681007385254
         ],
         [
            1.2021145039398107e-06,
            0.9092594981193542,
            0.41623005270957947,
            1.4500000476837158
         ],
         [
            0.0,
            0.0,
            0.0,
            1.0
         ]
      ],
      [
         [
            -0.8273911476135254,
            0.2337665557861328,
            -0.5106633901596069,
            0.3913043737411499
         ],
         [
            -0.5616260766983032,
            -0.34438443183898926,
            0.7523135542869568,
            3.6086955070495605
         ],
         [
            1.2021145039398107e-06,
            0.9092594981193542,
            0.41623005270957947,
            1.4500000476837158
         ],
         [
            0.0,
            0.0,
            0.0,
            1.0
         ]
      ],
      [
         [
            -0.8557257056236267,
            0.21537072956562042,
            -0.470477432012558,
            0.42028987407684326
         ],
         [
            -0.5174297094345093,
            -0.3561781942844391,
            0.7780770063400269,
            3.579710006713867
         ],
         [
            1.2021145039398107e-06,
            0.9092594981193542,
            0.41623005270957947,
            1.4500000476837158
         ],
         [
            0.0,
            0.0,
            0.0,
            1.0
         ]
      ],
      [
         [
            -0.885701060295105,
            0.1932382583618164,
            -0.42212870717048645,
            0.4492753744125366
         ],
         [
            -0.4642559587955475,
            -0.36865487694740295,
            0.805332362651825,
            3.550724506378174
         ],
         [
            1.2021145039398107e-06,
            0.9092594981193542,
            0.41623005270957947,
            1.4500000476837158
         ],
         [
            0.0,
            0.0,
            0.0,
            1.0
         ]
      ],
      [
         [
            -0.9153829216957092,
            0.167568638920784,
            -0.36605304479599,
            0.47826087474823
         ],
         [
            -0.4025842249393463,
            -0.38100945949554443,
            0.8323208093643188,
            3.5217390060424805
         ],
         [
            1.2021145039398107e-06,
            0.9092594981193542,
            0.41623005270957947,
            1.4500000476837158
         ],
         [
            0.0,
            0.0,
            0.0,
            1.0
         ]
      ],
      [
         [
            -0.9428826570510864,
            0.13865764439105988,
            -0.30289655923843384,
            0.5072463750839233
         ],
         [
            -0.33312496542930603,
            -0.3924557566642761,
            0.8573251962661743,
            3.492753505706787
         ],
         [
            1.2021145039398107e-06,
            0.9092594981193542,
            0.41623005270957947,
            1.4500000476837158
         ],
         [
            0.0,
            0.0,
            0.0,
            1.0
         ]
      ],
      [
         [
            -0.9664499759674072,
            0.10691175609827042,
            -0.23354719579219818,
            0.5362318754196167
         ],
         [
            -0.2568548321723938,
            -0.4022652804851532,
            0.8787539601325989,
            3.4637680053710938
         ],
         [
            1.2021145039398107e-06,
            0.9092594981193542,
            0.41623005270957947,
            1.4500000476837158
         ],
         [
            0.0,
            0.0,
            0.0,
            1.0
         ]
      ],
      [
         [
            -0.9845643639564514,
            0.07285092025995255,
            -0.15914085507392883,
            0.5652173757553101
         ],
         [
            -0.17502303421497345,
            -0.4098050892353058,
            0.8952245712280273,
            3.4347825050354004
         ],
         [
            1.2021145039398107e-06,
            0.9092594981193542,
            0.41623005270957947,
            1.4500000476837158
         ],
         [
            0.0,
            0.0,
            0.0,
            1.0
         ]
      ],
      [
         [
            -0.9960204362869263,
            0.03709772601723671,
            -0.08103754371404648,
            0.5942028760910034
         ],
         [
            -0.08912532031536102,
            -0.4145735502243042,
            0.9056410789489746,
            3.405797004699707
         ],
         [
            1.2021145039398107e-06,
            0.9092594981193542,
            0.41623005270957947,
            1.4500000476837158
         ],
         [
            0.0,
            0.0,
            0.0,
            1.0
         ]
      ],
      [
         [
            -0.9999996423721313,
            0.0003545122453942895,
            -0.0007715481333434582,
            0.6231883764266968
         ],
         [
            -0.0008490958716720343,
            -0.41622990369796753,
            0.9092591404914856,
            3.3768115043640137
         ],
         [
            1.2021145039398107e-06,
            0.9092594981193542,
            0.41623005270957947,
            1.4500000476837158
         ],
         [
            0.0,
            0.0,
            0.0,
            1.0
         ]
      ],
      [
         [
            -0.9961203336715698,
            -0.03662773221731186,
            0.08001659065485,
            0.6521738767623901
         ],
         [
            0.08800138533115387,
            -0.41461533308029175,
            0.9057318568229675,
            3.3478260040283203
         ],
         [
            1.2021145039398107e-06,
            0.9092594981193542,
            0.41623005270957947,
            1.4500000476837158
         ],
         [
            0.0,
            0.0,
            0.0,
            1.0
         ]
      ],
      [
         [
            -0.9844624996185303,
            -0.07308679074048996,
            0.15966179966926575,
            0.6811593770980835
         ],
         [
            0.17559488117694855,
            -0.4097630977630615,
            0.8951317667961121,
            3.318840503692627
         ],
         [
            1.2021145039398107e-06,
            0.9092594981193542,
            0.41623005270957947,
            1.4500000476837158
         ],
         [
            0.0,
            0.0,
            0.0,
            1.0
         ]
      ],
      [
         [
            -0.9655634760856628,
            -0.10828847438097,
            0.23656024038791656,
            0.7101448774337769
         ],
         [
            0.2601674795150757,
            -0.4018968343734741,
            0.8779476284980774,
            3.2898550033569336
         ],
         [
            1.2021145039398107e-06,
            0.9092594981193542,
            0.41623005270957947,
            1.4500000476837158
         ],
         [
            0.0,
            0.0,
            0.0,
            1.0
         ]
      ],
      [
         [
            -0.9403859972953796,
            -0.14156261086463928,
            0.3092479109764099,
            0.7391303777694702
         ],
         [
            0.34010910987854004,
            -0.3914172947406769,
            0.8550546765327454,
            3.2608695030212402
         ],
         [
            1.2021145039398107e-06,
            0.9092594981193542,
            0.41623005270957947,
            1.4500000476837158
         ],
         [
            0.0,
            0.0,
            0.0,
            1.0
         ]
      ],
      [
         [
            -0.9102610349655151,
            -0.17233271896839142,
            0.3764655292034149,
            0.7681159973144531
         ],
         [
            0.41403478384017944,
            -0.37887847423553467,
            0.8276633024215698,
            3.231884002685547
         ],
         [
            1.2021145039398107e-06,
            0.9092594981193542,
            0.41623005270957947,
            1.4500000476837158
         ],
         [
            0.0,
            0.0,
            0.0,
            1.0
         ]
      ],
      [
         [
            -0.8768121004104614,
            -0.20013627409934998,
            0.4372025728225708,
            0.7971014976501465
         ],
         [
            0.48083317279815674,
            -0.3649560511112213,
            0.7972494959831238,
            3.2028985023498535
         ],
         [
            1.2021145039398107e-06,
            0.9092594981193542,
            0.41623005270957947,
            1.4500000476837158
         ],
         [
            0.0,
            0.0,
            0.0,
            1.0
         ]
      ],
      [
         [
            -0.8418681025505066,
            -0.22463148832321167,
            0.49071258306503296,
            0.8260869979858398
         ],
         [
            0.5396832823753357,
            -0.35041138529777527,
            0.7654763460159302,
            3.17391300201416
         ],
         [
            1.2021145039398107e-06,
            0.9092594981193542,
            0.41623005270957947,
            1.4500000476837158
         ],
         [
            0.0,
            0.0,
            0.0,
            1.0
         ]
      ],
      [
         [
            -0.8073724508285522,
            -0.245592400431633,
            0.5365018248558044,
            0.8550724983215332
         ],
         [
            0.5900421738624573,
            -0.3360533118247986,
            0.7341107130050659,
            3.144927501678467
         ],
         [
            1.2021145039398107e-06,
            0.9092594981193542,
            0.41623005270957947,
            1.4500000476837158
         ],
         [
            0.0,
            0.0,
            0.0,
            1.0
         ]
      ],
      [
         [
            -0.7752937078475952,
            -0.26289039850234985,
            0.5742894411087036,
            0.8840579986572266
         ],
         [
            0.6316008567810059,
            -0.32270124554634094,
            0.7049428224563599,
            3.1159420013427734
         ],
         [
            1.2021145039398107e-06,
            0.9092594981193542,
            0.41623005270957947,
            1.4500000476837158
         ],
         [
            0.0,
            0.0,
            0.0,
            1.0
         ]
      ],
      [
         [
            -0.7475458979606628,
            -0.27646341919898987,
            0.6039397716522217,
            0.9130434989929199
         ],
         [
            0.6642102003097534,
            -0.31115177273750305,
            0.6797128319740295,
            3.08695650100708
         ],
         [
            1.2021145039398107e-06,
            0.9092594981193542,
