{
   "origin_transformation_mtx": [
      [
         -4.371139000183083e-08,
         0.9999999999992765,
         1.2021145039395212e-06,
         -2.000001655641861
      ],
      [
         -0.4162300039787333,
         -1.111227856559742e-06,
         0.9092593600214567,
         -0.48596388497479737
      ],
      [
         0.9092593600221346,
         -4.606111342589269e-07,
         0.4162300039784807,
         -2.4220513244381907
      ],
      [
         0.0,
         0.0,
         0.0,
         1.0
      ]
   ],
   "Camera": [
      [
         [
            -4.371138828673793e-08,
            -0.41623005270957947,
            0.9092594981193542,
            2.0
         ],
         [
            1.0,
            -1.1112280162706156e-06,
            -4.6061120428930735e-07,
            2.0
         ],
         [
            1.2021145039398107e-06,
            0.9092594981193542,
            0.41623005270957947,
            1.4500000476837158
         ],
         [
            0.0,
            0.0,
            0.0,
            1.0
         ]
      ],
      [
         [
            -4.371138828673793e-08,
            -0.41623005270957947,
            0.9092594981193542,
            1.999536395072937
         ],
         [
            1.0,
            -1.1098803724962636e-06,
            -4.59994282664411e-07,
            2.0
         ],
         [
            1.200632368636434e-06,
            0.9092594981193542,
            0.41623005270957947,
            1.4500077962875366
         ],
         [
            0.0,
            0.0,
            0.0,
            1.0
         ]
      ],
      [
         [
            -4.371138828673793e-08,
            -0.41623005270957947,
            0.9092594981193542,
            1.998154640197754
         ],
         [
            1.0,
            -1.1059230473620119e-06,
            -4.5818279659215477e-07,
            2.0
         ],
         [
            1.196280209114775e-06,
            0.9092594981193542,
            0.41623005270957947,
            1.4500309228897095
         ],
         [
            0.0,
            0.0,
            0.0,
            1.0
         ]
      ],
      [
         [
            -4.371138828673793e-08,
            -0.41623005270957947,
            0.9092594981193542,
            1.9958679676055908
         ],
         [
            1.0,
            -1.0994850754286745e-06,
            -4.552356642761879e-07,
            2.0
         ],
         [
            1.189199679174635e-06,
            0.9092594981193542,
            0.41623005270957947,
            1.4500689506530762
         ],
         [
            0.0,
            0.0,
            0.0,
            1.0
         ]
      ],
      [
         [
            -4.371138828673793e-08,
            -0.41623005270957947,
            0.9092594981193542,
            1.992689847946167
         ],
         [
            1.0,
            -1.0906951501965523e-06,
            -4.5121188918528787e-07,
            2.0
         ],
         [
            1.179532546302653e-06,
            0.9092594981193542,
            0.41623005270957947,
            1.4501218795776367
         ],
         [
            0.0,
            0.0,
            0.0,
            1.0
         ]
      ],
      [
         [
            -4.371138828673793e-08,
            -0.41623005270957947,
            0.9092594981193542,
            1.9886339902877808
         ],
         [
            1.0,
            -1.0796820788527839e-06,
            -4.4617050320994167e-07,
            2.0
         ],
         [
            1.1674204642986297e-06,
            0.9092594981193542,
            0.41623005270957947,
            1.450189471244812
         ],
         [
            0.0,
            0.0,
            0.0,
            1.0
         ]
      ],
      [
         [
            -4.371138828673793e-08,
            -0.41623005270957947,
            0.9092594981193542,
            1.9837132692337036
         ],
         [
            1.0,
            -1.0665748959581833e-06,
            -4.401704245537985e-07,
            2.0
         ],
         [
            1.1530052006492042e-06,
            0.9092594981193542,
            0.41623005270957947,
            1.4502716064453125
         ],
         [
            0.0,
            0.0,
            0.0,
            1.0
         ]
      ],
      [
         [
            -4.371138828673793e-08,
            -0.41623005270957947,
            0.9092594981193542,
            1.9779413938522339
         ],
         [
            1.0,
            -1.0515021813262138e-06,
            -4.332706282639265e-07,
            2.0
         ],
         [
            1.13642829546734e-06,
            0.9092594981193542,
            0.41623005270957947,
            1.4503676891326904
         ],
         [
            0.0,
            0.0,
            0.0,
            1.0
         ]
      ],
      [
         [
            -4.371138828673793e-08,
            -0.416230171918869,
            0.9092594385147095,
            1.9713317155838013
         ],
         [
            1.0,
            -1.034592628457176e-06,
            -4.255301178091031e-07,
            2.0
         ],
         [
            1.1178312888660002e-06,
            0.9092594385147095,
            0.416230171918869,
            1.4504778385162354
         ],
         [
            0.0,
            0.0,
            0.0,
            1.0
         ]
      ],
      [
         [
            -4.371138828673793e-08,
            -0.416230171918869,
            0.9092594385147095,
            1.963897705078125
         ],
         [
            1.0,
            -1.015975385598722e-06,
            -4.1700775454955874e-07,
            2.0
         ],
         [
            1.0973561757054995e-06,
            0.9092594385147095,
            0.416230171918869,
            1.4506016969680786
         ],
         [
            0.0,
            0.0,
            0.0,
            1.0
         ]
      ],
      [
         [
            -4.371138828673793e-08,
            -0.416230171918869,
            0.9092594385147095,
            1.9556527137756348
         ],
         [
            1.0,
            -9.957791462511523e-07,
            -4.077625419540709e-07,
            2.0
         ],
         [
            1.0751443824119633e-06,
            0.9092594385147095,
            0.416230171918869,
            1.4507392644882202
         ],
         [
            0.0,
            0.0,
            0.0,
            1.0
         ]
      ],
      [
         [
            -4.371138828673793e-08,
            -0.416230171918869,
            0.9092594385147095,
            1.9466099739074707
         ],
         [
            1.0,
            -9.74132603914768e-07,
            -3.978534266479983e-07,
            2.0
         ],
         [
            1.0513375627851929e-06,
            0.9092594385147095,
            0.416230171918869,
            1.4508898258209229
         ],
         [
            0.0,
            0.0,
            0.0,
            1.0
         ]
      ],
      [
         [
            -4.371138828673793e-08,
            -0.416230171918869,
            0.9092594385147095,
            1.9367833137512207
         ],
         [
            1.0,
            -9.511647363069642e-07,
            -3.873394689435372e-07,
            2.0
         ],
         [
            1.0260775979986647e-06,
            0.9092594385147095,
            0.416230171918869,
            1.4510536193847656
         ],
         [
            0.0,
            0.0,
            0.0,
            1.0
         ]
      ],
      [
         [
            -4.371138828673793e-08,
            -0.416230171918869,
            0.9092594385147095,
            1.9261857271194458
         ],
         [
            1.0,
            -9.270042937714607e-07,
            -3.7627958704433695e-07,
            2.0
         ],
         [
            9.995060281653423e-07,
            0.9092594385147095,
            0.416230171918869,
            1.4512302875518799
         ],
         [
            0.0,
            0.0,
            0.0,
            1.0
         ]
      ],
      [
         [
            -4.371138828673793e-08,
            -0.41623029112815857,
            0.9092593789100647,
            1.9148308038711548
         ],
         [
            1.0,
            -9.017799698085582e-07,
            -3.6473281284088443e-07,
            2.0
         ],
         [
            9.717645070850267e-07,
            0.9092593789100647,
            0.41623029112815857,
            1.4514195919036865
         ],
         [
            0.0,
            0.0,
            0.0,
            1.0
         ]
      ],
      [
         [
            -4.371138828673793e-08,
            -0.41623029112815857,
            0.9092593789100647,
            1.9027318954467773
         ],
         [
            1.0,
            -8.75620798979071e-07,
            -3.527579508499912e-07,
            2.0
         ],
         [
            9.42994745400938e-07,
            0.9092593789100647,
            0.41623029112815857,
            1.451621174812317
         ],
         [
            0.0,
            0.0,
            0.0,
            1.0
         ]
      ],
      [
         [
            -4.371138828673793e-08,
            -0.416230171918869,
            0.9092594385147095,
            1.8899024724960327
         ],
         [
            1.0,
            -8.486555316267186e-07,
            -3.4041397611872526e-07,
            2.0
         ],
         [
            9.133383969128772e-07,
            0.9092594385147095,
            0.416230171918869,
            1.451835036277771
         ],
         [
            0.0,
            0.0,
            0.0,
            1.0
         ]
      ],
      [
         [
            -4.371138828673793e-08,
            -0.416230171918869,
            0.9092594385147095,
            1.876355767250061
         ],
         [
            1.0,
            -8.210129180952208e-07,
            -3.277600626461208e-07,
            2.0
         ],
         [
            8.829371154206456e-07,
            0.9092594385147095,
            0.416230171918869,
            1.4520606994628906
         ],
         [
            0.0,
            0.0,
            0.0,
            1.0
         ]
      ],
      [
         [
            -4.371138828673793e-08,
            -0.41623029112815857,
            0.9092593789100647,
            1.8621056079864502
         ],
         [
            1.0,
            -7.928217655717162e-07,
            -3.148551570575364e-07,
            2.0
         ],
         [
            8.519326684108819e-07,
            0.9092593789100647,
            0.41623029112815857,
            1.4522982835769653
         ],
         [
            0.0,
            0.0,
            0.0,
            1.0
         ]
      ],
      [
         [
            -4.371138828673793e-08,
            -0.41623029112815857,
            0.9092593789100647,
            1.8471648693084717
         ],
         [
            1.0,
            -7.642109380867623e-07,
            -3.017580070263648e-07,
            2.0
         ],
         [
            8.204665391531307e-07,
            0.9092593789100647,
            0.41623029112815857,
            1.452547311782837
         ],
         [
            0.0,
            0.0,
            0.0,
            1.0
         ]
      ],
      [
         [
            -4.371138828673793e-08,
            -0.41623029112815857,
            0.9092593789100647,
            1.8315471410751343
         ],
         [
            1.0,
            -7.353091291406599e-07,
            -2.885276728648023e-07,
            2.0
         ],
         [
            7.886804382906121e-07,
            0.9092593789100647,
            0.41623029112815857,
            1.4528075456619263
         ],
         [
            0.0,
            0.0,
            0.0,
            1.0
         ]
      ],
      [
         [
            -4.371138828673793e-08,
            -0.41623029112815857,
            0.9092593789100647,
            1.8152661323547363
         ],
         [
            1.0,
            -7.062452027639665e-07,
            -2.7522315804162645e-07,
            2.0
         ],
         [
            7.567161333099648e-07,
            0.9092593789100647,
            0.41623029112815857,
            1.4530788660049438
         ],
         [
            0.0,
            0.0,
            0.0,
            1.0
         ]
      ],
      [
         [
            -4.371138828673793e-08,
            -0.41623038053512573,
            0.9092593193054199,
            1.7983347177505493
         ],
         [
            1.0,
            -6.771481366740773e-07,
            -2.6190355129074305e-07,
            2.0
         ],
         [
            7.247153348544089e-07,
            0.9092593193054199,
            0.41623038053512573,
            1.4533611536026
         ],
         [
            0.0,
            0.0,
            0.0,
            1.0
         ]
      ],
      [
         [
            -4.371138828673793e-08,
            -0.41623029112815857,
            0.9092593789100647,
            1.7807667255401611
         ],
         [
            1.0,
            -6.481466812147119e-07,
            -2.4862748659870704e-07,
            2.0
         ],
         [
            6.928195830369077e-07,
            0.9092593789100647,
            0.41623029112815857,
            1.4536539316177368
         ],
         [
            0.0,
            0.0,
            0.0,
            1.0
         ]
      ],
      [
         [
            -4.371138828673793e-08,
            -0.41623038053512573,
            0.9092593193054199,
            1.762575387954712
         ],
         [
            1.0,
            -6.193695298861712e-07,
            -2.3545429428395437e-07,
            2.0
         ],
         [
            6.611705885006813e-07,
            0.9092593193054199,
            0.41623038053512573,
            1.4539570808410645
         ],
         [
            0.0,
            0.0,
            0.0,
            1.0
         ]
      ],
      [
         [
            -4.371138828673793e-08,
            -0.41623038053512573,
            0.9092593193054199,
            1.743774175643921
         ],
         [
            1.0,
            -5.909456035624316e-07,
            -2.224427220198777e-07,
            2.0
         ],
         [
            6.299100618889497e-07,
            0.9092593193054199,
            0.41623038053512573,
            1.454270362854004
         ],
         [
            0.0,
            0.0,
            0.0,
            1.0
         ]
      ],
      [
         [
            -4.371138828673793e-08,
            -0.41623038053512573,
            0.9092593193054199,
            1.7243764400482178
         ],
         [
            1.0,
            -5.630037094306317e-07,
            -2.0965178748610924e-07,
            2.0
         ],
         [
            5.99179657001514e-07,
            0.9092593193054199,
            0.41623038053512573,
            1.4545937776565552
         ],
         [
            0.0,
            0.0,
            0.0,
            1.0
         ]
      ],
      [
         [
            -4.371138828673793e-08,
            -0.41623038053512573,
            0.9092593193054199,
            1.7043955326080322
         ],
         [
            1.0,
            -5.356724841476534e-07,
            -1.9714042309715296e-07,
            2.0
         ],
         [
            5.691209139513376e-07,
            0.9092593193054199,
            0.41623038053512573,
            1.4549267292022705
         ],
         [
            0.0,
            0.0,
            0.0,
            1.0
         ]
      ],
      [
         [
            -4.371138828673793e-08,
            -0.41623038053512573,
            0.9092593193054199,
            1.6838449239730835
         ],
         [
            1.0,
            -5.090811328045675e-07,
            -1.8496773179776937e-07,
            2.0
         ],
         [
            5.398758275987348e-07,
            0.9092593193054199,
            0.41623038053512573,
            1.45526921749115
         ],
         [
            0.0,
            0.0,
            0.0,
            1.0
         ]
      ],
      [
         [
            -4.371138828673793e-08,
            -0.4162304997444153,
            0.9092592597007751,
            1.6627380847930908
         ],
         [
            1.0,
            -4.833581215279992e-07,
            -1.7319260336989828e-07,
            2.0
         ],
         [
            5.115857675264124e-07,
            0.9092592597007751,
            0.4162304997444153,
            1.4556211233139038
         ],
         [
            0.0,
            0.0,
            0.0,
            1.0
         ]
      ],
      [
         [
            -4.371138828673793e-08,
            -0.41623038053512573,
            0.9092593193054199,
            1.6410883665084839
         ],
         [
            1.0,
            -4.5863234277021547e-07,
            -1.618738565412059e-07,
            2.0
         ],
         [
            4.843924443775904e-07,
            0.9092593193054199,
            0.41623038053512573,
            1.4559818506240845
         ],
         [
            0.0,
            0.0,
            0.0,
            1.0
         ]
      ],
      [
         [
            -4.371138828673793e-08,
            -0.4162304997444153,
            0.9092592597007751,
            1.6189091205596924
         ],
         [
            1.0,
            -4.3503268898348324e-07,
            -1.510707221541452e-07,
            2.0
         ],
         [
            4.584376256389078e-07,
            0.9092592597007751,
            0.4162304997444153,
            1.456351637840271
         ],
         [
            0.0,
            0.0,
            0.0,
            1.0
         ]
      ],
      [
         [
            -4.371138828673793e-08,
            -0.4162304997444153,
            0.9092592597007751,
            1.5962138175964355
         ],
         [
            1.0,
            -4.126877968246845e-07,
            -1.4084193367125408e-07,
            2.0
         ],
         [
            4.3386279457990895e-07,
            0.9092592597007751,
            0.4162304997444153,
            1.4567298889160156
         ],
         [
            0.0,
            0.0,
            0.0,
            1.0
         ]
      ],
      [
         [
            -4.371138828673793e-08,
            -0.4162304997444153,
            0.9092592597007751,
            1.5730156898498535
         ],
         [
            1.0,
            -3.9172672927634267e-07,
            -1.3124660824814782e-07,
            2.0
         ],
         [
            4.108098892174894e-07,
            0.9092592597007751,
            0.4162304997444153,
            1.4571164846420288
         ],
         [
            0.0,
            0.0,
            0.0,
            1.0
         ]
      ],
      [
         [
            -4.371138828673793e-08,
            -0.4162304997444153,
            0.9092592597007751,
            1.5493284463882446
         ],
         [
            1.0,
            -3.722781229953398e-07,
            -1.2234364987762092e-07,
            2.0
         ],
         [
            3.8942039282119367e-07,
            0.9092592597007751,
            0.4162304997444153,
            1.4575111865997314
         ],
         [
            0.0,
            0.0,
            0.0,
            1.0
         ]
      ],
      [
         [
            -4.371138828673793e-08,
            -0.4162304997444153,
            0.9092592597007751,
            1.525165319442749
         ],
         [
            1.0,
            -3.544709272773616e-07,
            -1.1419208334473296e-07,
            2.0
         ],
         [
            3.698361297210795e-07,
            0.9092592597007751,
            0.4162304997444153,
            1.4579139947891235
         ],
         [
            0.0,
            0.0,
            0.0,
            1.0
         ]
      ],
      [
         [
            -4.371138828673793e-08,
            -0.4162304997444153,
            0.9092592597007751,
            1.500539779663086
         ],
         [
            1.0,
            -3.3843397773125616e-07,
            -1.0685087659112469e-07,
            2.0
         ],
         [
            3.52198753716948e-07,
            0.9092592597007751,
            0.4162304997444153,
            1.4583244323730469
         ],
         [
            0.0,
            0.0,
            0.0,
            1.0
         ]
      ],
      [
         [
            -4.371138828673793e-08,
            -0.4162304997444153,
            0.9092592597007751,
            1.475465178489685
         ],
         [
            1.0,
            -3.2429565521852055e-07,
            -1.003787843956161e-07,
            2.0
         ],
         [
            3.366494638612494e-07,
            0.9092592597007751,
            0.4162304997444153,
            1.4587422609329224
         ],
         [
            0.0,
            0.0,
            0.0,
            1.0
         ]
      ],
      [
         [
            -4.371138828673793e-08,
            -0.4162304997444153,
            0.9092592597007751,
            1.4499547481536865
         ],
         [
            1.0,
            -3.1218556273415743e-07,
            -9.483516549835258e-08,
            2.0
         ],
         [
            3.233308234484866e-07,
            0.9092592597007751,
            0.4162304997444153,
            1.45916748046875
         ],
         [
            0.0,
            0.0,
            0.0,
            1.0
         ]
      ],
      [
         [
            -4.371138828673793e-08,
            -0.4162304997444153,
            0.9092592597007751,
            1.4240221977233887
         ],
         [
            1.0,
            -3.0223171165744134e-07,
            -9.027861125332493e-08,
            2.0
         ],
         [
            3.123836336271779e-07,
            0.9092592597007751,
            0.4162304997444153,
            1.4595997333526611
         ],
         [
            0.0,
            0.0,
            0.0,
            1.0
         ]
      ],
      [
         [
            -0.0004681785649154335,
            -0.4162304401397705,
            0.9092592000961304,
            1.3976808786392212
         ],
         [
            0.9999998807907104,
            -0.00019514549057930708,
            0.0004255696840118617,
            2.0
         ],
         [
            3.027664945420838e-07,
            0.9092592597007751,
            0.4162304997444153,
            1.460038661956787
         ],
         [
            0.0,
            0.0,
            0.0,
            1.0
         ]
      ],
      [
         [
            -0.001859826734289527,
            -0.416229784488678,
            0.909257709980011,
            1.3709440231323242
         ],
         [
            0.9999982714653015,
            -0.0007743833702988923,
            0.0016909426776692271,
            2.0
         ],
         [
            2.9334168516470527e-07,
            0.9092592597007751,
            0.4162304997444153,
            1.460484266281128
         ],
         [
            0.0,
            0.0,
            0.0,
            1.0
         ]
      ],
      [
         [
            -0.004156263545155525,
            -0.41622689366340637,
            0.9092514514923096,
            1.343825101852417
         ],
         [
            0.9999913573265076,
            -0.0017302220221608877,
            0.003779002930969,
            2.0
         ],
         [
            2.8410724439709156e-07,
            0.9092592597007751,
            0.4162304997444153,
            1.460936188697815
         ],
         [
            0.0,
            0.0,
            0.0,
            1.0
         ]
      ],
      [
         [
            -0.0073387399315834045,
            -0.4162192940711975,
            0.9092348217964172,
            1.3163375854492188
         ],
         [
            0.9999730587005615,
            -0.003054857486858964,
            0.006672703195363283,
            2.0
         ],
         [
            2.7506132482812973e-07,
            0.9092592597007751,
            0.4162304997444153,
            1.4613944292068481
         ],
         [
            0.0,
            0.0,
            0.0,
            1.0
         ]
      ],
      [
         [
            -0.011388099752366543,
            -0.41620349884033203,
            0.9092003107070923,
            1.2884948253631592
         ],
         [
            0.9999351501464844,
            -0.004740315955132246,
            0.010354624129831791,
            2.0
         ],
         [
            2.6620185167303134e-07,
            0.9092592597007751,
            0.4162304997444153,
            1.4618585109710693
         ],
         [
            0.0,
            0.0,
            0.0,
            1.0
         ]
      ],
      [
         [
            -0.01628533937036991,
            -0.41617530584335327,
            0.9091386795043945,
            1.2603102922439575
         ],
         [
            0.9998673796653748,
            -0.0067786891013383865,
            0.014807488769292831,
            2.0
         ],
         [
            2.5752697752068343e-07,
            0.9092592597007751,
            0.4162304997444153,
            1.4623281955718994
         ],
         [
            0.0,
            0.0,
            0.0,
            1.0
         ]
      ],
      [
         [
            -0.02201145328581333,
            -0.4161296486854553,
            0.9090389609336853,
            1.231797218322754
         ],
         [
            0.999757707118988,
            -0.009162063710391521,
            0.020014014095067978,
            2.0
         ],
         [
            2.4903471285142587e-07,
            0.9092592597007751,
            0.4162304997444153,
            1.4628034830093384
         ],
         [
            0.0,
            0.0,
            0.0,
            1.0
         ]
      ],
      [
         [
            -0.028547028079628944,
            -0.4160608649253845,
            0.9088886976242065,
            1.2029693126678467
         ],
         [
            0.9995924234390259,
            -0.011882362887263298,
            0.025956550613045692,
            2.0
         ],
         [
            2.407231249890174e-07,
            0.9092592597007751,
            0.4162304997444153,
            1.463283896446228
         ],
         [
            0.0,
            0.0,
            0.0,
            1.0
         ]
      ],
      [
         [
            -0.035872433334589005,
            -0.4159626066684723,
            0.9086740612983704,
            1.1738396883010864
         ],
         [
            0.9993563890457153,
            -0.014931412413716316,
            0.032617244869470596,
            2.0
         ],
         [
            2.32590267046362e-07,
            0.9092592597007751,
            0.4162304997444153,
            1.4637693166732788
         ],
         [
            0.0,
            0.0,
            0.0,
            1.0
         ]
      ],
      [
         [
            -0.04396813362836838,
            -0.4158279597759247,
            0.9083799719810486,
            1.1444218158721924
         ],
         [
            0.9990329146385193,
            -0.01830108091235161,
            0.03997833654284477,
            2.0
         ],
         [
            2.2463422055807314e-07,
            0.9092592597007751,
            0.4162304997444153,
            1.4642596244812012
         ],
         [
            0.0,
            0.0,
            0.0,
            1.0
         ]
      ],
      [
         [
            -0.05281390622258186,
            -0.4156495928764343,
            0.9079902768135071,
            1.1147292852401733
         ],
         [
            0.9986043572425842,
            -0.02198295295238495,
            0.04802144318819046,
            2.0
         ],
         [
            2.168529960044907e-07,
            0.9092592597007751,
            0.4162304997444153,
            1.464754581451416
         ],
         [
            0.0,
            0.0,
            0.0,
            1.0
         ]
      ],
      [
         [
            -0.06238928437232971,
            -0.4154196083545685,
            0.9074879288673401,
            1.0847753286361694
         ],
         [
            0.9980518817901611,
            -0.025968512520194054,
            0.056727949529886246,
            2.0
         ],
         [
            2.0924471755279228e-07,
            0.9092592597007751,
            0.4162304997444153,
            1.4652537107467651
         ],
         [
            0.0,
            0.0,
            0.0,
            1.0
         ]
      ],
      [
         [
            -0.0726732611656189,
            -0.4151298999786377,
            0.906855046749115,
            1.0545732975006104
         ],
         [
            0.9973558187484741,
            -0.030249008908867836,
            0.06607875227928162,
            2.0
         ],
         [
            2.0180739568331774e-07,
            0.9092592597007751,
            0.4162304997444153,
            1.465757131576538
         ],
         [
            0.0,
            0.0,
            0.0,
            1.0
         ]
      ],
      [
         [
            -0.08364458382129669,
            -0.4147718548774719,
            0.9060729146003723,
            1.0241367816925049
         ],
         [
            0.9964956641197205,
            -0.034815602004528046,
            0.07605452835559845,
            2.0
         ],
         [
            1.945390835089711e-07,
            0.9092592597007751,
            0.4162304997444153,
            1.4662644863128662
         ],
         [
            0.0,
            0.0,
            0.0,
            1.0
         ]
      ],
      [
         [
            -0.09528124332427979,
            -0.41433680057525635,
            0.9051225185394287,
            0.9934790730476379
         ],
         [
            0.9954503774642944,
            -0.039659127593040466,
            0.0866352766752243,
            2.0
         ],
         [
            1.8743784835351107e-07,
            0.9092592597007751,
            0.4162304997444153,
            1.4667754173278809
         ],
         [
            0.0,
            0.0,
            0.0,
            1.0
         ]
      ],
      [
         [
            -0.10756080597639084,
            -0.4138157367706299,
            0.9039842486381531,
            0.9626134634017944
         ],
         [
            0.9941985011100769,
            -0.044770248234272,
            0.0978005900979042,
            2.0
         ],
         [
            1.8050175754069642e-07,
            0.9092592597007751,
            0.4162304997444153,
            1.4672898054122925
         ],
         [
            0.0,
            0.0,
            0.0,
            1.0
         ]
      ],
      [
         [
            -0.12046032398939133,
            -0.41319966316223145,
            0.9026381373405457,
            0.9315535426139832
         ],
         [
            0.9927181601524353,
            -0.05013943091034889,
            0.10952959209680557,
            2.0
         ],
         [
            1.7372887839428586e-07,
            0.9092592597007751,
            0.41623061895370483,
            1.4678075313568115
         ],
         [
            0.0,
            0.0,
            0.0,
            1.0
         ]
      ],
      [
         [
            -0.13395586609840393,
            -0.4124792218208313,
            0.9010643362998962,
            0.9003128409385681
         ],
         [
            0.9909873008728027,
            -0.05575668439269066,
            0.12180054187774658,
            2.0
         ],
         [
            1.6711722139461926e-07,
            0.9092592597007751,
            0.41623061895370483,
            1.4683282375335693
         ],
         [
            0.0,
            0.0,
            0.0,
            1.0
         ]
      ],
      [
         [
            -0.14802320301532745,
            -0.4116453528404236,
            0.8992427587509155,
            0.8689044713973999
         ],
         [
            0.9889838695526123,
            -0.061611928045749664,
            0.13459138572216034,
            2.0
         ],
         [
            1.6066489649801952e-07,
            0.9092592597007751,
            0.41623061895370483,
            1.4688515663146973
         ],
         [
            0.0,
            0.0,
            0.0,
            1.0
         ]
      ],
      [
         [
            -0.16263724863529205,
            -0.4106888473033905,
            0.8971533179283142,
            0.8373419046401978
         ],
         [
            0.9866859316825867,
            -0.06769473850727081,
            0.14787934720516205,
            2.0
         ],
         [
            1.543699283956812e-07,
            0.9092592597007751,
            0.41623061895370483,
            1.4693776369094849
         ],
         [
            0.0,
            0.0,
            0.0,
            1.0
         ]
      ],
      [
         [
            -0.17777225375175476,
            -0.40960070490837097,
            0.8947762250900269,
            0.8056385517120361
         ],
         [
            0.984071671962738,
            -0.07399438321590424,
            0.16164100170135498,
            2.0
         ],
         [
            1.4823037020050833e-07,
            0.9092592597007751,
            0.41623061895370483,
            1.4699060916900635
         ],
         [
            0.0,
            0.0,
            0.0,
            1.0
         ]
      ],
      [
         [
            -0.19340161979198456,
            -0.40837201476097107,
            0.8920921087265015,
            0.7738078832626343
         ],
         [
            0.981119692325592,
            -0.0804997906088829,
            0.17585213482379913,
            2.0
         ],
         [
            1.4224431765796908e-07,
            0.9092592597007751,
            0.41623061895370483,
            1.4704365730285645
         ],
         [
            0.0,
            0.0,
            0.0,
            1.0
         ]
      ],
      [
         [
            -0.20949821174144745,
            -0.4069940149784088,
            0.8890818953514099,
            0.7418633699417114
         ],
         [
            0.9778090119361877,
            -0.08719968795776367,
            0.19048812985420227,
            2.0
         ],
         [
            1.364097812484033e-07,
            0.9092592597007751,
            0.41623061895370483,
            1.4709689617156982
         ],
         [
            0.0,
            0.0,
            0.0,
            1.0
         ]
      ],
      [
         [
            -0.2260340005159378,
            -0.4054583013057709,
            0.8857271075248718,
            0.7098182439804077
         ],
         [
            0.9741194248199463,
            -0.09408238530158997,
            0.20552344620227814,
            2.0
         ],
         [
            1.3072485671727918e-07,
            0.9092592597007751,
            0.41623061895370483,
            1.4715030193328857
         ],
         [
            0.0,
            0.0,
            0.0,
            1.0
         ]
      ],
      [
         [
            -0.2429801970720291,
            -0.40375667810440063,
            0.8820098638534546,
            0.6776859760284424
         ],
         [
            0.9700312614440918,
            -0.10113590955734253,
            0.22093194723129272,
            2.0
         ],
         [
            1.2518759717750072e-07,
            0.9092592597007751,
            0.41623061895370483,
            1.4720386266708374
         ],
         [
            0.0,
            0.0,
            0.0,
            1.0
         ]
      ],
      [
         [
            -0.26030781865119934,
            -0.40188130736351013,
            0.8779131770133972,
            0.6454799175262451
         ],
         [
            0.9655256867408752,
            -0.10834818333387375,
            0.23668722808361053,
            2.0
         ],
         [
            1.197960273202625e-07,
            0.9092592597007751,
            0.41623061895370483,
            1.472575306892395
         ],
         [
            0.0,
            0.0,
            0.0,
            1.0
         ]
      ],
      [
         [
            -0.27798646688461304,
            -0.399824857711792,
            0.873420774936676,
            0.6132136583328247
         ],
         [
            0.9605849981307983,
            -0.11570657044649124,
            0.25276172161102295,
            2.0
         ],
         [
            1.1454821446932328e-07,
            0.9092592597007751,
            0.41623061895370483,
            1.4731131792068481
         ],
         [
            0.0,
            0.0,
            0.0,
            1.0
         ]
      ],
      [
         [
            -0.295985609292984,
            -0.3975802958011627,
            0.8685175180435181,
            0.5809004306793213
         ],
         [
            0.9551923871040344,
            -0.12319836765527725,
            0.26912760734558105,
            2.0
         ],
         [
            1.0944224726472385e-07,
            0.9092592597007751,
            0.41623061895370483,
            1.473651647567749
         ],
         [
            0.0,
            0.0,
            0.0,
            1.0
         ]
      ],
      [
         [
            -0.31427401304244995,
            -0.3951411247253418,
            0.8631892204284668,
            0.5485536456108093
         ],
         [
            0.9493322968482971,
            -0.13081054389476776,
            0.28575649857521057,
            2.0
         ],
         [
            1.04476114870522e-07,
            0.9092592597007751,
            0.41623061895370483,
            1.4741907119750977
         ],
         [
            0.0,
