1.0 -7.144139824899842e-16 1.5592514937953194e-15 0.0 7.144140030276786e-16 0.9999999999999999 -1.317150857301615e-08 -5.551115123125783e-17 -1.5592514843854095e-15 1.317150857301615e-08 0.9999999999999999 -4.440892098500626e-16
1.0 -1.347646119952147e-09 -6.169076062186728e-10 2.957945000048312e-11 1.3476461118265437e-09 0.9999999999999999 -1.3171507907713807e-08 -0.00020001177118728064 6.169076239692043e-10 1.3171507906882435e-08 0.9999999999999999 0.0004183119178851058
1.0 -5.304887925184358e-09 -2.428406929109615e-09 1.177786757011745e-10 5.304887893198581e-09 0.9999999999999999 -1.3171506143408293e-08 -0.0007961676878734947 2.4284069989829787e-09 1.3171506130525866e-08 0.9999999999999999 0.0016650594856870704
0.9999999999999999 -1.1742926085982387e-08 -5.3755358494631355e-09 2.6344615378093295e-10 1.1742926015178499e-08 0.9999999999999998 -1.3171503196048675e-08 -0.0017825265297893855 5.375536004135124e-09 1.3171503132924155e-08 0.9999999999999999 0.003728409647319797
0.9999999999999998 -2.0532857187396107e-08 -9.399286487449512e-09 4.659930219474973e-10 2.053285706359341e-08 0.9999999999999997 -1.3171499273604938e-08 -0.0031534814083488127 9.399286757898023e-09 1.3171499080610729e-08 0.9999999999999999 0.006596114088440963
0.9999999999999994 -3.154588118529735e-08 -1.4440698283110611e-08 7.245328781380067e-10 3.154588099509177e-08 0.9999999999999994 -1.3171494484641292e-08 -0.004903109413674722 1.4440698698617002e-08 1.3171494029096734e-08 0.9999999999999998 0.010255806947348844
0.9999999999999988 -4.465309466473603e-08 -2.0440763356616744e-08 1.0383605086872194e-09 4.465309439550075e-08 0.9999999999999989 -1.317148889112552e-08 -0.007025943357433839 2.0440763944764464e-08 1.3171487978382167e-08 0.9999999999999997 0.014695831488995559
0.9999999999999979 -5.972580095240593e-08 -2.734056846788135e-08 1.4061596331771398e-09 5.972580059229012e-08 0.9999999999999981 -1.3171482672426683e-08 -0.00951573515326204 2.7340569254558654e-08 1.3171481039489313e-08 0.9999999999999996 0.019903970707128682
0.9999999999999964 -7.663529870213569e-08 -3.508121058474612e-08 1.8274897151115965e-09 7.66353029129297e-08 0.9999999999999899 1.2002990905450592e-07 -0.012367035923218805 3.5081201386217824e-08 -1.2002991174296467e-07 0.9999999999999921 0.025868035061084704
0.9999999999999944 -9.525248596787188e-08 -4.3603569251616976e-08 2.3013329020216133e-09 9.525249120160405e-08 0.9999999999999882 1.2002991619384437e-07 -0.015573913602230594 4.360355781846856e-08 -1.200299203471923e-07 0.9999999999999918 0.03257592509197016
0.9999999999999919 -1.1544876581316911e-07 -5.2848786486709264e-08 2.8271047725070275e-09 1.1544877215660423e-07 0.9999999999999861 1.2002992351622718e-07 -0.01913081092019442 5.2848772629402005e-08 -1.200299296175537e-07 0.9999999999999913 0.04001550087760464
0.9999999999999886 -1.3709533820175285e-07 -6.275790171290852e-08 3.4033673657063446e-09 1.3709534573457874e-07 0.9999999999999833 1.2002993100574512e-07 -0.0230315698725162 6.27578852573635e-08 -1.2002993960956e-07 0.9999999999999908 0.04817502859886824
0.9999999999999846 -1.6006319635571725e-07 -7.327185971332958e-08 4.029803157834522e-09 1.6006320515053334e-07 0.99999999999998 1.2002993848406205e-07 -0.027270651499485044 7.32718405009525e-08 -1.200299502121889e-07 0.9999999999999901 0.05704183552796538
0.9999999999999795 -1.842236436096034e-07 -8.433174723074321e-08 4.705413836347816e-09 1.8422365373193777e-07 0.9999999999999758 1.2002994577851794e-07 -0.031842322209960194 8.433172511838721e-08 -1.200299613144181e-07 0.9999999999999892 0.06660425577465112
0.9999999999999735 -2.0944786715597183e-07 -9.587863158678195e-08 5.429318772343095e-09 2.0944789143544035e-07 0.9999999999999459 2.5323133900954165e-07 -0.03674070871254753 9.587857854801291e-08 -2.5323135909111216e-07 0.9999999999999634 0.07685003186938699
0.9999999999999665 -2.356070392204041e-07 -1.0785347623133248e-07 6.20050455424348e-09 2.3560706653227887e-07 0.9999999999999402 2.532313457259987e-07 -0.041959928560657 1.0785341656823841e-07 -2.5323137113703134e-07 0.9999999999999621 0.08776717274544188
0.9999999999999584 -2.625723645518224e-07 -1.2019731013396592e-07 7.018382319756711e-09 2.625723789791014e-07 0.9999999999999584 1.2002996583617417e-07 -0.047494374865702405 1.2019727861740896e-07 -1.2002999739666282e-07 0.9999999999999856 0.09934343008847257
0.9999999999999492 -2.9021501278642565e-07 -1.328512389683761e-07 7.881800545561646e-09 2.902150287325566e-07 0.9999999999999507 1.2002997160880628e-07 -0.05333810640741421 1.328512041338698e-07 -1.200300101642263e-07 0.999999999999984 0.11156697084239298
0.9999999999999386 -3.1840607546841997e-07 -1.4575626586650974e-07 8.79029826705846e-09 3.18406112378471e-07 0.9999999999999172 2.532313628635198e-07 -0.05948547583391928 1.4575618523609324e-07 -2.532314092731903e-07 0.9999999999999573 0.1244251718978906
0.9999999999999272 -3.470169447030629e-07 -1.5885342021782383e-07 9.742739059959149e-09 3.470169849297249e-07 0.9999999999999077 2.53231367360027e-07 -0.0659306907803976 1.5885333234223378e-07 -2.5323142248484343e-07 0.9999999999999553 0.13790652537536685
0.9999999999999146 -3.7591875108055687e-07 -1.7208375642513866e-07 1.0738242739449788e-08 3.75918794657556e-07 0.9999999999998973 2.5323137111802234e-07 -0.07266787795545504 1.7208366123070023e-07 -2.53231435807519e-07 0.9999999999999531 0.15199877380528193
0.9999999999999007 -4.0498259120167144e-07 -1.8538826657428403e-07 1.1776066344282299e-08 4.049826381477909e-07 0.9999999999998859 2.5323137410670133e-07 -0.07969122284137709 1.8538816401996486e-07 -2.5323144918570553e-07 0.9999999999999507 0.1666895017074519
0.999999999999886 -4.340795922689965e-07 -1.987080124683415e-07 1.285550421670223e-08 4.3407966367166735e-07 0.9999999999998411 3.5933473120699514e-07 -0.08699525824983034 1.9870785648843638e-07 -3.5933481746206143e-07 0.9999999999999156 0.1819670523468293
0.9999999999998703 -4.630811208756729e-07 -2.1198394266103253e-07 1.3975378188035847e-08 4.630811745566544e-07 0.9999999999998607 2.5323137777633817e-07 -0.09457379486813022 2.1198382539433275e-07 -2.532314759420785e-07 0.9999999999999455 0.1978190507065154
0.9999999999998537 -4.918582381671839e-07 -2.2515726325785344e-07 1.5134966613317147e-08 4.918583190739898e-07 0.9999999999998144 3.5933473336199276e-07 -0.10242121665249404 2.2515708651606282e-07 -3.593348441074132e-07 0.9999999999999101 0.21423351487497566
0.9999999999998364 -5.202821599125921e-07 -2.3816884258753406e-07 1.6333395080891933e-08 5.202822454949109e-07 0.9999999999998 3.5933473329308303e-07 -0.1105316999300111 2.3816865563203527e-07 -3.5933485720804444e-07 0.9999999999999071 0.23119829577483397
0.9999999999998181 -5.482240635975223e-07 -2.509597691765962e-07 1.7570078281181623e-08 5.482241537760657e-07 0.9999999999997851 3.5933473244897806e-07 -0.11889968743057833 2.509595721805951e-07 -3.5933487003111984e-07 0.9999999999999039 0.2487012534839086
0.9999999999997996 -5.755552525706133e-07 -2.63471129737013e-07 1.8843717697336615e-08 5.755553472449237e-07 0.9999999999997697 3.59334730990005e-07 -0.1275190799232807 2.634709229199605e-07 -3.5933488263215054e-07 0.9999999999999006 0.2667304961724355
0.9999999999997807 -6.02146616697287e-07 -2.75643821701117e-07 2.015372313479702e-08 6.02146715745669e-07 0.9999999999997541 3.5933472892217115e-07 -0.13638427051953217 2.7564360532885795e-07 -3.593348949001143e-07 0.9999999999998974 0.28527377552607147
0.9999999999997616 -6.278695760977724e-07 -2.874190863938488e-07 2.1499363622723422e-08 6.278697176620028e-07 0.9999999999996816 4.925361164044466e-07 -0.14548954393858404 2.8741877714531467e-07 -4.925362968660698e-07 0.9999999999998374 0.30431889284895686
0.9999999999997424 -6.525953939183515e-07 -2.9873768864800754e-07 2.2879338423820172e-08 6.525955012651631e-07 0.9999999999997224 3.593347231489951e-07 -0.15482880094952156 2.987374541477395e-07 -3.593349181037742e-07 0.9999999999998908 0.3238539563113263
0.9999999999997234 -6.761950106809246e-07 -3.0954096150517293e-07 2.429335044240588e-08 6.76195163140976e-07 0.9999999999996501 4.92536109816076e-07 -0.16439670106656623 3.0954062845460465e-07 -4.925363191260407e-07 0.9999999999998307 0.3438667267540336
0.9999999999997048 -6.985399008042212e-07 -3.1976975454030407e-07 2.5740094944382008e-08 6.985400583023219e-07 0.9999999999996346 4.925361060792767e-07 -0.17418709544032018 3.197694104840646e-07 -4.925363294511144e-07 0.9999999999998275 0.3643452039551507
0.9999999999996869 -7.195009660546535e-07 -3.2936507575510893e-07 2.7218849840693338e-08 7.195011282787958e-07 0.9999999999996199 4.925361021316647e-07 -0.18419436802700095 3.2936472137478244e-07 -4.925363391100541e-07 0.9999999999998244 0.3852774060031434
0.9999999999996698 -7.389495614741066e-07 -3.382680355043794e-07 2.872872917336622e-08 7.389497280832776e-07 0.9999999999996056 4.925360980844389e-07 -0.19441259591673155 3.3826767154491233e-07 -4.925363480473491e-07 0.9999999999998215 0.4066509670363092
0.9999999999996537 -7.567567319920722e-07 -3.4641960218313666e-07 3.0269154738249426e-08 7.567569026161837e-07 0.9999999999995923 4.925360941077445e-07 -0.20483627145789196 3.4641922945299053e-07 -4.925363562629991e-07 0.9999999999998187 0.4284538555246311
0.9999999999996387 -7.727936775942384e-07 -3.537608151662869e-07 3.1838963909791573e-08 7.727938518341618e-07 0.99999999999958 4.925360902619766e-07 -0.21545935419324636 3.537604345373619e-07 -4.925363636459817e-07 0.999999999999816 0.4506740216276979
0.9999999999996255 -7.869320117494858e-07 -3.6023290310843206e-07 3.343728760540898e-08 7.869321891771458e-07 0.999999999999569 4.925360866621035e-07 -0.22627607006836725 3.6023251551586335e-07 -4.92536370140786e-07 0.9999999999998138 0.4732994246602953
0.9999999999996139 -7.990421074771187e-07 -3.657765268250881e-07 3.506354673277201e-08 7.990422876352132e-07 0.9999999999995595 4.925360834766894e-07 -0.23728091143163443 3.657761332678568e-07 -4.925363757474119e-07 0.9999999999998117 0.4963180330924053
0.9999999999996042 -8.089959400438105e-07 -3.703330805905901e-07 3.6716711893092224e-08 8.08996122446172e-07 0.9999999999995515 4.925360807014946e-07 -0.24846784698100843 3.703326821307344e-07 -4.925363802993259e-07 0.99999999999981 0.5197175306808095
0.9999998904244669 0.00019403423766464777 -0.00042603024393148784 3.8395769674792746e-08 -0.00019403403334785648 0.9999999811752611 5.209149660869895e-07 -0.2598309942698993 0.00042603033698691806 -4.382505424492566e-07 0.9999999092489759 0.543485926358777
0.9999982706016486 0.0007732720245920801 -0.0016914029939253514 4.010014231781156e-08 -0.000773271186019825 0.9999997010251307 1.14974212166155e-06 -0.2713648456466866 0.0016914033773017807 1.581730658507191e-07 0.999998569576272 0.5676111885962893
0.999991362880531 0.0017291105259761178 -0.003779463073906591 4.182881063741206e-08 -0.0017291087101454997 0.999998505083393 3.748012033662242e-06 -0.28306346904629764 0.0037794639046515354 2.7871228591306353e-06 0.999992857796907 0.5920812179344528
0.999973071405214 0.003053745972626653 -0.006673162665301984 4.358118577130199e-08 -0.00305374269290675 0.9999953372598738 1.0680677087265173e-05 -0.29492125758014576 0.006673164166153296 9.697732256104218e-06 0.9999777341450986 0.6168837660589248
0.9999351539863974 0.004739204659089548 -0.010355083843169102 4.535611086708968e-08 -0.00473919971181136 0.9999887696170858 2.501596395151665e-05 -0.30693222040947865 0.010355086107385345 2.4060468599351508e-05 0.9999463843690833 0.642006891521457
0.9998673857774109 0.00677757721496838 -0.014807947384470969 4.715271062494253e-08 -0.006777569985861475 0.9999770307249001 5.0672468410281156e-05 -0.3190905338613853 0.014807950693221153 4.969615122493011e-05 0.9998903550522725 0.6674384452446727
0.9997577195681155 0.009160952389398428 -0.020014472645570186 4.897040639662009e-08 -0.009160942872522376 0.9999580334352997 9.216232689088382e-05 -0.33139069028424584 0.020014477001597707 9.121144276720904e-05 0.9997996861325898 0.6931663956985539
0.999592451770909 0.011881250428519988 -0.02595700774121917 5.080802667478679e-08 -0.011881238037901837 0.9999294036319091 0.00015470947388505422 -0.34382654998385853 0.025957013412749027 0.00015375496541213688 0.999663048138772 0.7191784762583657
0.9993563787210201 0.014930299385873976 -0.03261770178687143 5.26648538112795e-08 -0.014930283864132497 0.9998885073163513 0.00024405002668330446 -0.3563925465349237 0.03261770889172826 0.0002430985957806167 0.9994678714044425 0.7454628134047345
0.9990329358882913 0.018299969010192634 -0.039978796188067545 5.454015594708039e-08 -0.018299950886686137 0.9998324747290014 0.00036643529531080426 -0.3690829646566932 0.03997880448395037 0.0003655290778630252 0.9992004611590847 0.7720072084418013
0.9986043740332465 0.0219818423549757 -0.04802189884155759 5.6433052453286336e-08 -0.02198182021459245 0.9997582308369165 0.000528633986877593 -0.38189193105777286 0.04802190897622802 0.0005277125351398662 0.9988461431961175 0.798799403900027
0.9980518937241326 0.025967398072210154 -0.056728402683594435 5.83423922506654e-08 -0.025967373516746346 0.9996625187127 0.0007376948031437179 -0.3948135045178933 0.05672841392383934 0.0007368299262252537 0.9983893750112455 0.8258275667233255
0.9973558059270942 0.030247896226813956 -0.06607920366778222 6.02677343586322e-08 -0.030247866504633174 0.9995419272196762 0.0010011502850340013 -0.40784223615911375 0.06607921727316571 0.0010002518818913173 0.9978138787072158 0.8530795073710331
0.9964956553132407 0.03481448665451424 -0.07605498314257703 6.220805515155803e-08 -0.03481445457408855 0.9993929125960752 0.0013266519673484536 -0.42097214429787777 0.07605499782751789 0.0013258098341748209 0.997102742716988 0.8805430179920943
0.9954503968972608 0.03965801426778106 -0.08663572716508186 6.416234388240127e-08 -0.03965797715368109 0.9992118287548413 0.0017222440256828412 -0.4341973712968369 0.08663574415427004 0.0017213891896854445 0.9962385681422364 0.9082061617158588
0.9941985124763899 0.04476913636046617 -0.09780103383539296 6.612987624166067e-08 -0.04476909434148752 0.9989949477562273 0.002196030367682487 -0.4475122763029672 0.0978010530698759 0.0021951735855688117 0.9952035647199786 0.9360569024347105
0.9927181479693526 0.0501383113007849 -0.10953003438419955 6.810991415306944e-08 -0.05013825508068702 0.998738483189839 0.002756369554968587 -0.4609110944170368 0.1095300601194134 0.0027553467232238923 0.9939796647792511 0.9640829330606271
0.9909873044715206 0.055755561627765696 -0.12180098408404606 7.010143709962335e-08 -0.05575550129237932 0.9984386242535768 0.0034114035616641925 -0.47438786876473127 0.1218010117031263 0.003410417305472961 0.9925486802176996 0.9922720999386339
0.9889838943847545 0.06161081368348825 -0.13459184330717497 7.210344188379736e-08 -0.061610746623570564 0.9980915440079284 0.004169613933629042 -0.4879368161364265 0.13459187400452835 0.0041686229294362834 0.9908923503765791 1.0206126287863242
0.9866859375952874 0.06769361547273191 -0.14787979907999063 7.411548264002477e-08 -0.06769354649392206 0.997693434669343 0.005039263911001815 -0.5015524380356984 0.14787983065578517 0.0050383372177162785 0.9889925029257284 1.0490922216708722
0.984071665088149 0.07399325967256423 -0.16164144113953688 7.613654329219344e-08 -0.07399318603724854 0.9972405245611846 0.006028647691691468 -0.5152288272067156 0.16164147484694333 0.006027743853374065 0.9868311405267586 1.0776988333294657
0.9811196825265254 0.08049867557098218 -0.17585258539574536 7.816560554374519e-08 -0.08049859456739016 0.9967291071279719 0.007145857299920372 -0.5289600515844046 0.17585262247610953 0.007144944729921731 0.9843905753983433 1.106420364303211
0.9778090384264756 0.087198565018974 -0.1904885682399944 8.020193664748376e-08 -0.0871984805156835 0.9961555528237214 0.008398784091890111 -0.5427403958880168 0.19048860692242778 0.008397906709292951 0.9816534856025597 1.135244615896248
0.9741194233994845 0.09408126070823615 -0.20552388021688525 8.224467196171759e-08 -0.09408116823685775 0.9955163427237927 0.009795159673633676 -0.5565641356816078 0.20552392254685042 0.009794271457990663 0.978603080675492 1.164159655815525
0.9700312602553851 0.10113477920872092 -0.2209323664874671 8.429307962742882e-08 -0.1011346830650658 0.9948080855118056 0.01134234903646056 -0.5704255556844289 0.22093241049850043 0.011341491733430662 0.975223174743393 1.193153285365182
0.9655256922254587 0.10834705697652892 -0.2366876695078845 8.63460019040474e-08 -0.10834695973818662 0.99402751423368 0.013047500216628418 -0.5843186650577272 0.23668771402005753 0.013046692720224011 0.9714981779916129 1.2222135630969713
0.9605850033628269 0.11570544896968585 -0.25276214193023677 8.840298937329294e-08 -0.11570534410927939 0.9931715591185477 0.01491735575047449 -0.5982379156865965 0.2527621899315461 0.014916542386102538 0.9674134442441105 1.2513280826859043
0.9551924108876012 0.12319723954164748 -0.26912803338197605 9.04627461828511e-08 -0.12319713080756538 0.9922373131408521 0.01695822431170918 -0.6121772579586044 0.26912808315654413 0.016957434367867903 0.9629550977465895 1.2804850606943783
0.9493323271447303 0.1308094217169816 -0.28575693837252597 9.25246861349649e-08 -0.13080931605223045 0.9912220760155439 0.019175996802853642 -0.6261311097944067 0.285756986742089 0.019175275995516525 0.9581102511290531 1.3096723030041317
0.9429905142896272 0.1385286753301734 -0.3026197218805344 9.458807470608122e-08 -0.13852856570276986 0.9901233801394357 0.021576111456701488 -0.6400937311040127 0.30261977206408364 0.021575407586556294 0.9528671341500641 1.3388775567232236
0.9361539073486951 0.14634168582976012 -0.3196873046341916 9.665175770834367e-08 -0.14634156768895157 0.9889389621137972 0.02416350098030955 -0.6540591558579121 0.3196873587149024 0.024162785472482223 0.9472149452347656 1.3680889345994867
0.9288110552892795 0.1542347346247447 -0.33692977043836514 9.871515693760102e-08 -0.15423462319715717 0.9876668395726823 0.026942438934518653 -0.6680218764044843 0.33692982144601835 0.02694180104862867 0.9411442157164916 1.3972944051029033
0.9209519175827394 0.16219413093343812 -0.3543171311006877 1.0077708134659247e-07 -0.16219401098195133 0.9863052706248682 0.029916816996335853 -0.6819755793848372 0.35431718601030604 0.029916166672091033 0.9346466469577612 1.4264813222361696
0.9125682932642943 0.1702057733980241 -0.37181864508207946 1.028369762678949e-07 -0.17020565355226977 0.9848528363657881 0.03308966909938596 -0.6959149804305245 0.37181869994331596 0.03308905263440786 0.9277154568984067 1.4556381422339981
0.9036531531247677 0.17825598200265566 -0.3894043961332926 1.0489368973409796e-07 -0.17825585875218003 0.9833083179582719 0.03646368953626374 -0.7098341383212767 0.3894044525531112 0.03646308701060685 0.9203448351664004 1.4847530320403033
0.8942017318326789 0.18633047466412045 -0.40704326182714473 1.0694674790201475e-07 -0.18633037362544677 0.9816708926095008 0.040040610233454024 -0.723727281659013 0.4070433080791764 0.040040140043580544 0.9125308392231197 1.5138130975653659
0.8842105484002464 0.19441547038715248 -0.42470499287373314 1.0899515556772599e-07 -0.19441536247490812 0.9799399519452855 0.04382188283519515 -0.7375887016618339 0.42470504227226413 0.04382140408081086 0.9042705964549 1.542806727115023
0.8736783968326899 0.20249673823055309 -0.44235859877914413 1.1103788555288929e-07 -0.20249663113213665 0.9781152905555704 0.04780787342611529 -0.7514123918369418 0.44235864780514506 0.04780741979420061 0.8955631062770645 1.5717216586421379
0.8626056654325193 0.2105603733691234 -0.4599736896066732 1.1307421665662787e-07 -0.2105602692132972 0.976196975170261 0.051998448988951534 -0.7651927361405542 0.45997373728566776 0.051998027223041254 0.8864086902622105 1.6005459102351747
0.8509943935277038 0.21859272877367955 -0.4775204300463929 1.1510328423725014e-07 -0.21859262089977904 0.9741853580651565 0.056392856104547556 -0.7789240101367263 0.4775204794274073 0.05639243795704609 0.8768090354625001 1.6292675496010822
0.8388489635996301 0.2265799123598541 -0.49496864505019633 1.171243400044375e-07 -0.22657985933762861 0.9720812064027591 0.06098930644872912 -0.7926003496892602 0.49496866932197514 0.06098910946683343 0.8667677571968605 1.6578740528675133
0.8261754107810879 0.2345085738426719 -0.5122889022953522 1.1913623731985012e-07 -0.23450853262899274 0.969885553591346 0.06578572078350188 -0.8062158631963698 0.5122889211615819 0.06578557386756086 0.8562898571897359 1.6863536953705445
0.8129814720368845 0.24236558122241542 -0.5294525957660997 1.2113853120609974e-07 -0.24236553941653596 0.9675997434419542 0.07077910563433243 -0.8197650521616313 0.5294526149034225 0.0707789624802822 0.8453817285949248 1.71469417917735
0.7992768375364889 0.25013803928152983 -0.546431604395336 1.2313005903763496e-07 -0.25013800289684507 0.9652254570897018 0.07596575868609709 -0.8332418761278086 0.5464316210510214 0.07596563887948449 0.8340513804467833 1.7428834544475191
0.7850736804231384 0.25781306009944543 -0.5631977826208373 1.2510995661685342e-07 -0.25781303825751495 0.9627648040214503 0.08134106860601019 -0.8466406106589577 0.5631977926193401 0.08134099937730208 0.8223088764016867 1.7709095888879998
0.7703849915283175 0.2653787094683437 -0.5797250256706457 1.2707763463737365e-07 -0.2653786982731121 0.960220033040773 0.08690014182983404 -0.8599556488664917 0.5797250307954477 0.08690010764143614 0.8101649584875441 1.7987603341844496
0.7552260714635192 0.2728231636039865 -0.5959875018680274 1.2903176704881503e-07 -0.2728231582021288 0.957593794705275 0.09263718848587721 -0.873180643427081 0.5959875043408173 0.09263717257701777 0.7976322767582441 1.8264232565462912
0.7396141053186036 0.2801350036843324 -0.6119602560007804 1.3097209805579269e-07 -0.28013499516742707 0.9548890655327463 0.09854571024932669 -0.8863106508028111 0.6119602598995356 0.09854568603839396 0.7847250397858572 1.8538869839516772
0.7235673261558186 0.2873035698843689 -0.62762009468421 1.328974406078487e-07 -0.2873035845679392 0.9521090100547179 0.10461875198566518 -0.8993393824440314 0.6276200879625605 0.10461879230961643 0.7714583161011004 1.8811389245993848
0.7071068120946908 0.29431833141919206 -0.6429437581001204 1.3480678040522776e-07 -0.29431829901289086 0.9492572637764121 0.11084848232555046 -0.9122609559041519 0.6429437729346494 0.11084839628222833 0.7578495483182766 1.9081670874226833
0.6902535090699987 0.3011698373684533 -0.657910953150966 1.3669967158236318e-07 -0.3011698209835477 0.9463374780651643 0.11722677398104266 -0.9250698726867486 0.6579109606514327 0.11722673188622137 0.7439160310048339 1.9349591744887464
0.6730310622599949 0.30784892286510684 -0.6725014720608248 1.3857483605050902e-07 -0.30784891480726295 0.9433537374371354 0.1237447845987009 -0.9377602320348388 0.6725014757494391 0.12374476455261386 0.7296773248228595 1.9615037275364586
0.6554642765189698 0.31434711023545364 -0.6866967864305783 1.4043180085465679e-07 -0.31434709944292694 0.9403103384818654 0.13039313024825555 -0.9503262873595832 0.6866967913710404 0.1303931042300147 0.7151539380371041 1.9877879066721822
0.637578660468643 0.3206567911728307 -0.7004803166326334 1.422694260178048e-07 -0.32065678199865666 0.9372117033119679 0.13716213520263443 -0.9627621966776789 0.7004803208322677 0.13716211375530574 0.7003669571566749 2.0138000956241564
0.6194020897131877 0.326770648707738 -0.7138361117245754 1.4408712223357156e-07 -0.3267706579860856 0.9340626638886953 0.1440412337092923 -0.9750623531005396 0.7138361074772535 0.14404125475806714 0.6853394258244923 2.0395280460780376
0.6009626681707436 0.33268244764706406 -0.7267504802149491 1.458838703172205e-07 -0.3326824654457493 0.9308680838759269 0.15101982520880566 -0.9872208245630916 0.7267504720672967 0.15101986441762838 0.6700945842948163 2.0649596585749324
0.582289423463557 0.3383866467858257 -0.7392114072439109 1.4765879052802688e-07 -0.33838669718840786 0.9276329993233018 0.15808688032969684 -0.9992317377739415 0.7392113841712661 0.15808698821693065 0.6546564241402516 2.0900826756453026
0.563412878755605 0.3438783650364271 -0.7512080924166057 1.4941087345121673e-07 -0.3438784200146665 0.924362687263981 0.16523091309536572 -1.0110892599049819 0.751208067249373 0.1652310275159768 0.6390501914916199 2.1148852146145782
0.5443639021220859 0.3491535426081039 -0.7627317652691719 1.5113955242895827e-07 -0.3491536112620353 0.9210625033911719 0.1724401942398202 -1.022787982541559 0.7627317338416539 0.17244033324891944 0.6233013987309077 2.1393554607370664
0.5251745948080178 0.3542088322911967 -0.7737749983652491 1.528440525255803e-07 -0.3542088800029243 0.9177379991771997 0.17970262711853788 -1.0343217934550595 0.7737749765243823 0.17970272116230498 0.6074365956308152 2.1634803481796085
0.5058765885975594 0.35904180157280857 -0.784332749432438 1.5452311563635135e-07 -0.35904189647095913 0.9143946786043614 0.18700611839874057 -1.0456849903624332 0.784332705991171 0.18700630059807802 0.5914819099931871 2.187248852249738
0.4865035483971302 0.3636506333948871 -0.7944007264778266 1.5617628124076077e-07 -0.36365072147481053 0.9110383454237795 0.19433807125304123 -1.0568719259118073 0.7944006861577166 0.1943382360705164 0.5754652029733417 2.2106483498381424
0.4670881713584272 0.36803442116220314 -0.8039771794129748 1.5780253459496407e-07 -0.3680345355714327 0.9076746851954166 0.20168600963408737 -1.0678767176565915 0.8039771270401668 0.20168621840672057 0.5594134861629957 2.23366684987809
0.4476638790768735 0.3721930305981508 -0.8130617438694374 1.5940085296151096e-07 -0.3721931775603254 0.9043094818304847 0.20903731640314524 -1.0786933839132293 0.8130616765949521 0.2090375780706535 0.5433543972463653 2.2562921445185253
0.4282649182910695 0.37612698353381646 -0.8216554338765708 1.6097067323528336e-07 -0.37612712157856765 0.9009486560561218 0.21637908300870803 -1.08931656588555 0.8216553706841847 0.21637932296876283 0.5273162622349276 2.278512527405917
0.40892416975301366 0.379837711017331 -0.8297616143694062 1.6251109347109605e-07 -0.37983788901085874 0.8975979279673626 0.22369876571065822 -1.0997401918082272 0.8297615328897713 0.22369906794131264 0.5113262417856187 2.300315307502076
0.3896759660408404 0.3833272470066612 -0.8373845372303169 1.6402098834689127e-07 -0.3833274413673644 0.8942632265418496 0.23098345038056364 -1.109958568553407 0.837384448258318 0.23098377293059918 0.4954127394989533 2.321689193711729
0.3705534084913751 0.38659845383646485 -0.8445305245795909 1.654998653677353e-07 -0.3865986671785888 0.8909502934650031 0.23822058078672298 -1.1199657510583179 0.8445304269185112 0.2382209270107891 0.4796031150263283 2.342620912572589
0.3515900795867546 0.38965479374437356 -0.8512071179496852 1.6694662008376326e-07 -0.38965502040572825 0.8876649444969857 0.24539745594397439 -1.129756244669038 0.8512070141914898 0.24539781584845663 0.46392513508972094 2.363099606558031
0.33281933274209957 0.39250035914269943 -0.8574233259166417 1.6836035099387914e-07 -0.3925006194054481 0.8844129655866556 0.25250142587430413 -1.1393239776202408 0.8574232067768187 0.25250183043904667 0.44840636715538257 2.383112584629867
0.31427357693079555 0.3951399969587711 -0.863189725174336 1.6974061756158676e-07 -0.39514030672466166 0.8811999705858983 0.2595202301188724 -1.1486635010339863 0.8631895833735852 0.2595207017616023 0.4330736063448127 2.4026476572474325
0.29598542002350703 0.3975790785553779 -0.8685179948789574 1.7108597649695412e-07 -0.3975794330060241 0.8780316026824241 0.26644154920271385 -1.1577686072871964 0.8685178326229788 0.2664420781070257 0.417953817340975 2.4216929821994464
0.27798660528484015 0.3998236254223586 -0.8734211560503512 1.723959668353814e-07 -0.3998239693692739 0.874913345489681 0.2732534197441123 -1.1666336490279987 0.873420998602626 0.27325392300601214 0.40307325979506015 2.4402359363765953
0.2603072586663602 0.4018801691386546 -0.8779136977736998 1.7366977012045481e-07 -0.40188053091289855 0.871850443908559 0.2799443557738136 -1.1752533483867957 0.8779135321651965 0.2799448751263988 0.3884568147576942 2.4582655630152885
0.24298012434397184 0.40375545455466727 -0.8820103129165452 1.7490628945182607e-07 -0.4037558468049759 0.8688485662294805 0.28650198102591357 -1.1836210290212683 0.8820101333570861 0.2865025338078707 0.3741315581143685 2.4757681367741973
0.2260338011123531 0.40545710662755474 -0.8857275288935718 1.7610486091612643e-07 -0.4054574929989098 0.8659126511660901 0.29291552011041033 -1.1917316206909476 0.8857273520252946 0.29291605492994904 0.3601211499461464 2.492732868055572
0.20949789184470724 0.40699284705674127 -0.8890823672513538 1.7726444934140773e-07 -0.40699324921711616 0.8630478462602071 0.29917371234336787 -1.1995790424753117 0.8890821831553694 0.29917425943798337 0.3464500455843763 2.5091473322240323
0.19340106270815804 0.40837081853380736 -0.8920926541079595 1.7838432864181186e-07 -0.40837127261779066 0.8602591232101521 0.3052656951480572 -1.2071576287120944 0.8920924462430344 0.30526630260107107 0.3331419394978514 2.524999438975881
0.17777217867926967 0.40959947886248566 -0.8947766868907604 1.7946376118516127e-07 -0.40959995332322063 0.8575514598998327 0.3111806097128818 -1.2144616145020648 0.8947764696980142 0.311181234233759 0.3202207187792713 2.540276881223096
0.16263681777816993 0.4106877302630384 -0.8971537514352733 1.8050145689230135e-07 -0.4106881325276548 0.8549292656014561 0.31690883329295605 -1.2214849998512736 0.8971535672915412 0.31690935459457326 0.30770755217659707 2.554967983920236
0.14802287590111826 0.4116442175834249 -0.8992431630766464 1.8149709868353625e-07 -0.4116446179977771 0.8523974301773132 0.3224396524941944 -1.2282222458000103 0.899242979779896 0.322440163685051 0.2956254457236913 2.569060074339506
0.13395519086481586 0.4124781291311076 -0.9010648144439289 1.8244938582157033e-07 -0.4124785301402393 0.8499602331822737 0.3277637322555423 -1.2346672531173601 0.9010646308748993 0.3277642369100637 0.28399495768242994 2.58254126065114
0.1204602404432196 0.41319851885164893 -0.9026385292525271 1.8335788842804845e-07 -0.41319894000062435 0.847622268210147 0.33287103571300153 -1.2408146721623483 0.9026383364641246 0.33287155849229505 0.2728379722329508 2.5953995700988
0.10756024726626942 0.4138148104039568 -0.9039845661837134 1.8422158332143113e-07 -0.41381514729862723 0.8453873392942614 0.33775326856624943 -1.2466585212514187 0.9039844119641856 0.3377536813290225 0.2621729079719312 2.60762279483143
0.09528103900778322 0.41433586764388264 -0.9051228161909235 1.8503933363334113e-07 -0.41433621559527045 0.8432599951328016 0.3424004688297274 -1.2521930080197508 0.9051226569099831 0.34240088988263234 0.2520210438749008 2.6191994269694305
0.08364449316121446 0.4147709303184169 -0.9060732167582256 1.85810514086171e-07 -0.4147712911876415 0.841243991547917 0.3468044444511415 -1.2574121782493772 0.9060730515639124 0.34680487604317667 0.24240050161321153 2.630116459453323
0.07267305161382817 0.41512896094698587 -0.9068553210695793 1.8653441902216628e-07 -0.4151293269010749 0.8393432128495446 0.3509567109916328 -1.2623105647519646 0.9068551535475742 0.35095714386015836 0.23332983876419616 2.640362235548059
0.06238883874914843 0.4154187025142332 -0.907488255792285 1.872098915889353e-07 -0.4154190761070247 0.8375614960344292 0.3548488855371465 -1.2668821766887606 0.907488084773524 0.35484932289911436 0.22482734271462923 2.64992481380539
0.05281370174060416 0.415648648318072 -0.9079905913938835 1.8783632693697427e-07 -0.4156490384201331 0.8359026286336287 0.35847269394447373 -1.2711212583157294 0.9079904128177088 0.35847314626726134 0.21691107310687818 2.6587916207344873
0.04396780743916184 0.41582703155629075 -0.9083802682445696 1.8841289728399602e-07 -0.41582742992784877 0.8343700978185997 0.3618205195753556 -1.275022432526308 0.9083800858828824 0.36182097740908253 0.20959770962046168 2.666951482787434
0.03587210826177335 0.4159616608814252 -0.9086743578013092 1.8893836184474821e-07 -0.41596206431536903 0.832967535512922 0.3648844280481503 -1.278578914586015 0.9086741731222212 0.36488488795549634 0.2029045727487492 2.6743907242413854
0.028546702342643192 0.416059825199934 -0.908889051336829 1.8941236357150615e-07 -0.4160603321089245 0.8316984647797178 0.3676567199555479 -1.2817860495126383 0.908888819290221 0.3676572936005228 0.1968482375627655 2.681098889830275
0.02201112861443871 0.4161286100466456 -0.9090393226465867 1.89833683883478e-07 -0.41612912783389683 0.830566193735709 0.3701301754674658 -1.284637251045629 0.9090390856202604 0.37013075760334135 0.1914449348785639 2.687062737399906
0.016284656924934537 0.4161742600070587 -0.9091390406623259 1.9020161579064165e-07 -0.4161747821760724 0.8295740953819334 0.372297422703872 -1.2871270519966533 0.9091388016301669 0.372298006412637 0.1867105615428335 2.692270610215232
0.011388012199514587 0.4162024644528055 -0.909200649890636 1.905153101944279e-07 -0.41620299054072185 0.8287257627276743 0.37415061252975945 -1.2892498767852163 0.9092004090645271 0.3741511977461058 0.18266224947167092 2.696710901159686
0.00733841448314585 0.41621824865215956 -0.9092351275450167 1.9077383495158529e-07 -0.4162187779693244 0.8280241790326329 0.3756832280034026 -1.290999355935093 0.9092348852406598 0.37568381443211446 0.17931423545034228 2.7003702688421067
0.004156057222688763 0.4162258617144426 -0.9092517578913066 1.909764022478555e-07 -0.4162263943181757 0.8274728430930227 0.37688762597946884 -1.2923705092875846 0.9092515140824634 0.37688821417446744 0.17668321412949364 2.7032384068518773
0.0018593817340014128 0.41622873775855285 -0.9092580384926433 1.9112205906779423e-07 -0.41622927205292926 0.8270749491559657 0.3777568286145804 -1.2933567688925345 0.9092577939098767 0.37775741732304696 0.17478443257786277 2.7053015402291853
0.00046773354026493285 0.41622941177857403 -0.9092595108085467 1.9121026362256544e-07 -0.41622994755844817 0.8268338493796303 0.378283513089791 -1.2939529744277036 0.9092592655457665 0.3782841026140602 0.1736338841604608 2.7065483961891497
-2.8212999358920933e-07 0.4162294573446361 -0.9092596102535899 1.912398377434954e-07 -0.41622999359993784 0.8267527667549217 0.3784606387603308 -1.2941529365804079 0.9092593647731742 0.3784612285316313 0.17324695111491067 2.706966599714873
-2.8212999358920933e-07 0.4162294573446361 -0.9092596102535899 -0.00045685717629950773 -0.41622999359993784 0.8267527667549217 0.3784606387603308 -1.2941529370882927 0.9092593647731742 0.3784612285316313 0.17324695111491067 2.7069665995043515
-2.8212999358920933e-07 0.4162294573446361 -0.9092596102535899 -0.0018190617279951748 -0.41622999359993784 0.8267527667549217 0.3784606387603308 -1.2941529386020125 0.9092593647731742 0.3784612285316313 0.17324695111491067 2.7069665988769045
-2.8212999358920933e-07 0.4162294573446361 -0.9092596102535899 -0.004073428602688445 -0.41622999359993784 0.8267527667549217 0.3784606387603308 -1.2941529411071278 0.9092593647731742 0.3784612285316313 0.17324695111491067 2.7069665978385182
-2.8212999358920933e-07 0.4162294573446361 -0.9092596102535899 -0.0072068447785285095 -0.41622999359993784 0.8267527667549217 0.3784606387603308 -1.294152944589067 0.9092593647731742 0.3784612285316313 0.17324695111491067 2.706966596395232
-2.8212999358920933e-07 0.4162294573446361 -0.9092596102535899 -0.011206078024375232 -0.41622999359993784 0.8267527667549217 0.3784606387603308 -1.2941529490331263 0.9092593647731742 0.3784612285316313 0.17324695111491067 2.7069665945531405
-2.8212999358920933e-07 0.4162294573446361 -0.9092596102535899 -0.016058134527667578 -0.41622999359993784 0.8267527667549217 0.3784606387603308 -1.2941529544248667 0.9092593647731742 0.3784612285316313 0.17324695111491067 2.706966592318229
-2.8212999358920933e-07 0.4162294573446361 -0.9092596102535899 -0.02174990126655496 -0.41622999359993784 0.8267527667549217 0.3784606387603308 -1.2941529607497164 0.9092593647731742 0.3784612285316313 0.17324695111491067 2.7069665896965383
-2.8212999358920933e-07 0.4162294573446361 -0.9092596102535899 -0.028268026800607915 -0.41622999359993784 0.8267527667549217 0.3784606387603308 -1.2941529679928392 0.9092593647731742 0.3784612285316313 0.17324695111491067 2.7069665866942167
-2.8212999358920933e-07 0.4162294573446361 -0.9092596102535899 -0.035599636526554734 -0.41622999359993784 0.8267527667549217 0.3784606387603308 -1.2941529761399282 0.9092593647731742 0.3784612285316313 0.17324695111491067 2.706966583317196
-2.8212999358920933e-07 0.4162294573446361 -0.9092596102535899 -0.043731617422545055 -0.41622999359993784 0.8267527667549217 0.3784606387603308 -1.2941529851764118 0.9092593647731742 0.3784612285316313 0.17324695111491067 2.7069665795715148
-2.8212999358920933e-07 0.4162294573446361 -0.9092596102535899 -0.05265061804814897 -0.41622999359993784 0.8267527667549217 0.3784606387603308 -1.2941529950874537 0.9092593647731742 0.3784612285316313 0.17324695111491067 2.7069665754633236
-2.8212999358920933e-07 0.4162294573446361 -0.9092596102535899 -0.06234376380009499 -0.41622999359993784 0.8267527667549217 0.3784606387603308 -1.2941530058587474 0.9092593647731742 0.3784612285316313 0.17324695111491067 2.706966570998553
-2.8212999358920933e-07 0.4162294573446361 -0.9092596102535899 -0.07279794165653275 -0.41622999359993784 0.8267527667549217 0.3784606387603308 -1.294153017475721 0.9092593647731742 0.3784612285316313 0.17324695111491067 2.706966566183242
-2.8212999358920933e-07 0.4162294573446361 -0.9092596102535899 -0.08399980017703257 -0.41622999359993784 0.8267527667549217 0.3784606387603308 -1.2941530299235382 0.9092593647731742 0.3784612285316313 0.17324695111491067 2.7069665610235414
-2.8212999358920933e-07 0.4162294573446361 -0.9092596102535899 -0.09593634554903319 -0.41622999359993784 0.8267527667549217 0.3784606387603308 -1.29415304318776 0.9092593647731742 0.3784612285316313 0.17324695111491067 2.706966555525436
-2.8212999358920933e-07 0.4162294573446361 -0.9092596102535899 -0.10859446475068402 -0.41622999359993784 0.8267527667549217 0.3784606387603308 -1.2941530572538147 0.9092593647731742 0.3784612285316313 0.17324695111491067 2.706966549694965
-4.371140025268451e-08 0.416229457344587 -0.909259610253655 -0.12196116396942447 -0.4162299935996933 0.8267528080604075 0.3784605485281528 -1.2941530721072632 0.9092593647733288 0.378461138299379 0.1732471482280184 2.7069665435381145
-4.371140025268451e-08 0.416229457344587 -0.909259610253655 -0.1360230917648244 -0.4162299935996933 0.8267528080604075 0.3784605485281528 -1.294153087733269 0.9092593647733288 0.378461138299379 0.1732471482280184 2.7069665370610343
-4.371140025268451e-08 0.416229457344587 -0.909259610253655 -0.15076725432432303 -0.4162299935996933 0.8267528080604075 0.3784605485281528 -1.2941531041173933 0.9092593647733288 0.378461138299379 0.1732471482280184 2.7069665302697086
-4.371140025268451e-08 0.416229457344587 -0.909259610253655 -0.16618053862606974 -0.4162299935996933 0.8267528080604075 0.3784605485281528 -1.294153121245064 0.9092593647733288 0.378461138299379 0.1732471482280184 2.7069665231701783
-4.371140025268451e-08 0.416229457344587 -0.909259610253655 -0.18224983164821373 -0.4162299935996933 0.8267528080604075 0.3784605485281528 -1.29415313910171 0.9092593647733288 0.378461138299379 0.1732471482280184 2.706966515768483
-4.371140025268451e-08 0.416229457344587 -0.909259610253655 -0.19896190115961532 -0.4162299935996933 0.8267528080604075 0.3784605485281528 -1.2941531576726273 0.9092593647733288 0.378461138299379 0.1732471482280184 2.7069665080707175
-4.371140025268451e-08 0.416229457344587 -0.909259610253655 -0.216303753347713 -0.4162299935996933 0.8267528080604075 0.3784605485281528 -1.2941531769433765 0.9092593647733288 0.378461138299379 0.1732471482280184 2.7069665000828675
-4.371140025268451e-08 0.416229457344587 -0.909259610253655 -0.23426215598136713 -0.4162299935996933 0.8267528080604075 0.3784605485281528 -1.294153196899254 0.9092593647733288 0.378461138299379 0.1732471482280184 2.7069664918110274
