{
   "origin_transformation_mtx": [
      [
         -0.40673887171736184,
         0.9135444653834002,
         1.2021145039395212e-06,
         0.22304523604587842
      ],
      [
         -0.14605695240041458,
         -0.0650304707959155,
         0.9871364670214371,
         -0.07497521108390426
      ],
      [
         0.9017931341996291,
         0.4015065972501812,
         0.159879940814945,
         -5.6632791527651305
      ],
      [
         0.0,
         0.0,
         0.0,
         1.0
      ]
   ],
   "Camera": [
      [
         [
            -0.40673887729644775,
            -0.14605696499347687,
            0.9017932415008545,
            5.1868767738342285
         ],
         [
            0.9135444760322571,
            -0.06503047794103622,
            0.4015066623687744,
            2.065206527709961
         ],
         [
            1.2021145039398107e-06,
            0.9871366024017334,
            0.15987995266914368,
            0.9794552326202393
         ],
         [
            0.0,
            0.0,
            0.0,
            1.0
         ]
      ],
      [
         [
            -0.40673887729644775,
            -0.14605696499347687,
            0.9017932415008545,
            5.174163818359375
         ],
         [
            0.9135444760322571,
            -0.06503047794103622,
            0.4015066623687744,
            2.0559442043304443
         ],
         [
            1.2021145039398107e-06,
            0.9871366024017334,
            0.15987995266914368,
            0.9794552326202393
         ],
         [
            0.0,
            0.0,
            0.0,
            1.0
         ]
      ],
      [
         [
            -0.40673887729644775,
            -0.14605696499347687,
            0.9017932415008545,
            5.155297756195068
         ],
         [
            0.9135444760322571,
            -0.06503047794103622,
            0.4015066623687744,
            2.042238473892212
         ],
         [
            1.2021145039398107e-06,
            0.9871366024017334,
            0.15987995266914368,
            0.9794552326202393
         ],
         [
            0.0,
            0.0,
            0.0,
            1.0
         ]
      ],
      [
         [
            -0.40673887729644775,
            -0.14605696499347687,
            0.9017932415008545,
            5.1321797370910645
         ],
         [
            0.9135444760322571,
            -0.06503047794103622,
            0.4015066623687744,
            2.025505542755127
         ],
         [
            1.2021145039398107e-06,
            0.9871366024017334,
            0.15987995266914368,
            0.9794552326202393
         ],
         [
            0.0,
            0.0,
            0.0,
            1.0
         ]
      ],
      [
         [
            -0.40673887729644775,
            -0.14605696499347687,
            0.9017932415008545,
            5.106710910797119
         ],
         [
            0.9135444760322571,
            -0.06503047794103622,
            0.4015066623687744,
            2.00716233253479
         ],
         [
            1.2021145039398107e-06,
            0.9871366024017334,
            0.15987995266914368,
            0.9794552326202393
         ],
         [
            0.0,
            0.0,
            0.0,
            1.0
         ]
      ],
      [
         [
            -0.40673887729644775,
            -0.14605696499347687,
            0.9017932415008545,
            5.080790996551514
         ],
         [
            0.9135444760322571,
            -0.06503047794103622,
            0.4015066623687744,
            1.9886252880096436
         ],
         [
            1.2021145039398107e-06,
            0.9871366024017334,
            0.15987995266914368,
            0.9794552326202393
         ],
         [
            0.0,
            0.0,
            0.0,
            1.0
         ]
      ],
      [
         [
            -0.40673887729644775,
            -0.14605696499347687,
            0.9017932415008545,
            5.055985927581787
         ],
         [
            0.9135444760322571,
            -0.06503047794103622,
            0.4015066623687744,
            1.9710583686828613
         ],
         [
            1.2021145039398107e-06,
            0.9871366024017334,
            0.15987995266914368,
            0.9794552326202393
         ],
         [
            0.0,
            0.0,
            0.0,
            1.0
         ]
      ],
      [
         [
            -0.40673887729644775,
            -0.14605696499347687,
            0.9017932415008545,
            5.0325164794921875
         ],
         [
            0.9135444760322571,
            -0.06503047794103622,
            0.4015066623687744,
            1.9546148777008057
         ],
         [
            1.2021145039398107e-06,
            0.9871366024017334,
            0.15987995266914368,
            0.9794552326202393
         ],
         [
            0.0,
            0.0,
            0.0,
            1.0
         ]
      ],
      [
         [
            -0.40673887729644775,
            -0.14605696499347687,
            0.9017932415008545,
            5.010269641876221
         ],
         [
            0.9135444760322571,
            -0.06503047794103622,
            0.4015066623687744,
            1.9391953945159912
         ],
         [
            1.2021145039398107e-06,
            0.9871366024017334,
            0.15987995266914368,
            0.9794552326202393
         ],
         [
            0.0,
            0.0,
            0.0,
            1.0
         ]
      ],
      [
         [
            -0.40673887729644775,
            -0.14605696499347687,
            0.9017932415008545,
            4.989130020141602
         ],
         [
            0.9135444760322571,
            -0.06503047794103622,
            0.4015066623687744,
            1.9247002601623535
         ],
         [
            1.2021145039398107e-06,
            0.9871366024017334,
            0.15987995266914368,
            0.9794552326202393
         ],
         [
            0.0,
            0.0,
            0.0,
            1.0
         ]
      ],
      [
         [
            -0.40673887729644775,
            -0.14605696499347687,
            0.9017932415008545,
            4.968985557556152
         ],
         [
            0.9135444760322571,
            -0.06503047794103622,
            0.4015066623687744,
            1.9110302925109863
         ],
         [
            1.2021145039398107e-06,
            0.9871366024017334,
            0.15987995266914368,
            0.9794552326202393
         ],
         [
            0.0,
            0.0,
            0.0,
            1.0
         ]
      ],
      [
         [
            -0.40673887729644775,
            -0.14605696499347687,
            0.9017932415008545,
            4.94972038269043
         ],
         [
            0.9135444760322571,
            -0.06503047794103622,
            0.4015066623687744,
            1.8980863094329834
         ],
         [
            1.2021145039398107e-06,
            0.9871366024017334,
            0.15987995266914368,
            0.9794552326202393
         ],
         [
            0.0,
            0.0,
            0.0,
            1.0
         ]
      ],
      [
         [
            -0.40673887729644775,
            -0.14605696499347687,
            0.9017932415008545,
            4.931221961975098
         ],
         [
            0.9135444760322571,
            -0.06503047794103622,
            0.4015066623687744,
            1.8857686519622803
         ],
         [
            1.2021145039398107e-06,
            0.9871366024017334,
            0.15987995266914368,
            0.9794552326202393
         ],
         [
            0.0,
            0.0,
            0.0,
            1.0
         ]
      ],
      [
         [
            -0.40673887729644775,
            -0.14605696499347687,
            0.9017932415008545,
            4.913374423980713
         ],
         [
            0.9135444760322571,
            -0.06503047794103622,
            0.4015066623687744,
            1.873977780342102
         ],
         [
            1.2021145039398107e-06,
            0.9871366024017334,
            0.15987995266914368,
            0.9794552326202393
         ],
         [
            0.0,
            0.0,
            0.0,
            1.0
         ]
      ],
      [
         [
            -0.40673887729644775,
            -0.14605696499347687,
            0.9017932415008545,
            4.896064758300781
         ],
         [
            0.9135444760322571,
            -0.06503047794103622,
            0.4015066623687744,
            1.862614393234253
         ],
         [
            1.2021145039398107e-06,
            0.9871366024017334,
            0.15987995266914368,
            0.9794552326202393
         ],
         [
            0.0,
            0.0,
            0.0,
            1.0
         ]
      ],
      [
         [
            -0.40673887729644775,
            -0.14605696499347687,
            0.9017932415008545,
            4.879179954528809
         ],
         [
            0.9135444760322571,
            -0.06503047794103622,
            0.4015066623687744,
            1.8515794277191162
         ],
         [
            1.2021145039398107e-06,
            0.9871366024017334,
            0.15987995266914368,
            0.9794552326202393
         ],
         [
            0.0,
            0.0,
            0.0,
            1.0
         ]
      ],
      [
         [
            -0.40673887729644775,
            -0.14605696499347687,
            0.9017932415008545,
            4.862605094909668
         ],
         [
            0.9135444760322571,
            -0.06503047794103622,
            0.4015066623687744,
            1.840773105621338
         ],
         [
            1.2021145039398107e-06,
            0.9871366024017334,
            0.15987995266914368,
            0.9794552326202393
         ],
         [
            0.0,
            0.0,
            0.0,
            1.0
         ]
      ],
      [
         [
            -0.40673887729644775,
            -0.14605696499347687,
            0.9017932415008545,
            4.846225261688232
         ],
         [
            0.9135444760322571,
            -0.06503047794103622,
            0.4015066623687744,
            1.8300961256027222
         ],
         [
            1.2021145039398107e-06,
            0.9871366024017334,
            0.15987995266914368,
            0.9794552326202393
         ],
         [
            0.0,
            0.0,
            0.0,
            1.0
         ]
      ],
      [
         [
            -0.40673887729644775,
            -0.14605696499347687,
            0.9017932415008545,
            4.829927921295166
         ],
         [
            0.9135444760322571,
            -0.06503047794103622,
            0.4015066623687744,
            1.8194489479064941
         ],
         [
            1.2021145039398107e-06,
            0.9871366024017334,
            0.15987995266914368,
            0.9794552326202393
         ],
         [
            0.0,
            0.0,
            0.0,
            1.0
         ]
      ],
      [
         [
            -0.40673887729644775,
            -0.14605696499347687,
            0.9017932415008545,
            4.813597679138184
         ],
         [
            0.9135444760322571,
            -0.06503047794103622,
            0.4015066623687744,
            1.808732509613037
         ],
         [
            1.2021145039398107e-06,
            0.9871366024017334,
            0.15987995266914368,
            0.9794552326202393
         ],
         [
            0.0,
            0.0,
            0.0,
            1.0
         ]
      ],
      [
         [
            -0.40673887729644775,
            -0.14605696499347687,
            0.9017932415008545,
            4.797121524810791
         ],
         [
            0.9135444760322571,
            -0.06503047794103622,
            0.4015066623687744,
            1.7978472709655762
         ],
         [
            1.2021145039398107e-06,
            0.9871366024017334,
            0.15987995266914368,
            0.9794552326202393
         ],
         [
            0.0,
            0.0,
            0.0,
            1.0
         ]
      ],
      [
         [
            -0.40673887729644775,
            -0.14605696499347687,
            0.9017932415008545,
            4.7803850173950195
         ],
         [
            0.9135444760322571,
            -0.06503047794103622,
            0.4015066623687744,
            1.7866935729980469
         ],
         [
            1.2021145039398107e-06,
            0.9871366024017334,
            0.15987995266914368,
            0.9794552326202393
         ],
         [
            0.0,
            0.0,
            0.0,
            1.0
         ]
      ],
      [
         [
            -0.40673887729644775,
            -0.14605696499347687,
            0.9017932415008545,
            4.763274669647217
         ],
         [
            0.9135444760322571,
            -0.06503047794103622,
            0.4015066623687744,
            1.775172233581543
         ],
         [
            1.2021145039398107e-06,
            0.9871366024017334,
            0.15987995266914368,
            0.9794552326202393
         ],
         [
            0.0,
            0.0,
            0.0,
            1.0
         ]
      ],
      [
         [
            -0.40673887729644775,
            -0.14605696499347687,
            0.9017932415008545,
            4.745675563812256
         ],
         [
            0.9135444760322571,
            -0.06503047794103622,
            0.4015066623687744,
            1.7631839513778687
         ],
         [
            1.2021145039398107e-06,
            0.9871366024017334,
            0.15987995266914368,
            0.9794552326202393
         ],
         [
            0.0,
            0.0,
            0.0,
            1.0
         ]
      ],
      [
         [
            -0.40648531913757324,
            -0.14607501029968262,
            0.9019046425819397,
            4.727492809295654
         ],
         [
            0.9136573076248169,
            -0.06498993933200836,
            0.40125638246536255,
            1.7506605386734009
         ],
         [
            1.2021145039398107e-06,
            0.9871366024017334,
            0.15987995266914368,
            0.9794552326202393
         ],
         [
            0.0,
            0.0,
            0.0,
            1.0
         ]
      ],
      [
         [
            -0.4057180881500244,
            -0.1461295187473297,
            0.9022412300109863,
            4.708706378936768
         ],
         [
            0.9139982461929321,
            -0.06486727297306061,
            0.40049901604652405,
            1.7376606464385986
         ],
         [
            1.2021145039398107e-06,
            0.9871366024017334,
            0.15987995266914368,
            0.9794552326202393
         ],
         [
            0.0,
            0.0,
            0.0,
            1.0
         ]
      ],
      [
         [
            -0.4044267535209656,
            -0.14622099697589874,
            0.9028059840202332,
            4.689312934875488
         ],
         [
            0.9145703911781311,
            -0.06466081738471985,
            0.39922428131103516,
            1.724273681640625
         ],
         [
            1.2021145039398107e-06,
            0.9871366024017334,
            0.15987995266914368,
            0.9794552326202393
         ],
         [
            0.0,
            0.0,
            0.0,
            1.0
         ]
      ],
      [
         [
            -0.4026007652282715,
            -0.1463497430086136,
            0.9036009311676025,
            4.669311046600342
         ],
         [
            0.9153756499290466,
            -0.06436888128519058,
            0.39742177724838257,
            1.7105894088745117
         ],
         [
            1.2021145039398107e-06,
            0.9871366024017334,
            0.15987995266914368,
            0.9794552326202393
         ],
         [
            0.0,
            0.0,
            0.0,
            1.0
         ]
      ],
      [
         [
            -0.4002286493778229,
            -0.14651596546173096,
            0.9046271443367004,
            4.64870023727417
         ],
         [
            0.9164153337478638,
            -0.06398962438106537,
            0.39508017897605896,
            1.6966979503631592
         ],
         [
            1.2021145039398107e-06,
            0.9871366024017334,
            0.15987995266914368,
            0.9794552326202393
         ],
         [
            0.0,
            0.0,
            0.0,
            1.0
         ]
      ],
      [
         [
            -0.39729905128479004,
            -0.14671963453292847,
            0.9058846831321716,
            4.627476215362549
         ],
         [
            0.9176892042160034,
            -0.06352124363183975,
            0.39218828082084656,
            1.682688593864441
         ],
         [
            1.2021145039398107e-06,
            0.9871366024017334,
            0.15987995266914368,
            0.9794552326202393
         ],
         [
            0.0,
            0.0,
            0.0,
            1.0
         ]
      ],
      [
         [
            -0.39379963278770447,
            -0.14696060121059418,
            0.9073724150657654,
            4.605638027191162
         ],
         [
            0.9191963076591492,
            -0.06296175718307495,
            0.3887338638305664,
            1.6686514616012573
         ],
         [
            1.2021145039398107e-06,
            0.9871366024017334,
            0.15987995266914368,
            0.9794552326202393
         ],
         [
            0.0,
            0.0,
            0.0,
            1.0
         ]
      ],
      [
         [
            -0.3897179961204529,
            -0.14723846316337585,
            0.9090879559516907,
            4.583184719085693
         ],
         [
            0.92093425989151,
            -0.06230918690562248,
            0.38470470905303955,
            1.654676079750061
         ],
         [
            1.2021145039398107e-06,
            0.9871366024017334,
            0.15987995266914368,
            0.9794552326202393
         ],
         [
            0.0,
            0.0,
            0.0,
            1.0
         ]
      ],
      [
         [
            -0.38504111766815186,
            -0.14755265414714813,
            0.9110278487205505,
            4.560113430023193
         ],
         [
            0.9228994250297546,
            -0.0615614578127861,
            0.38008803129196167,
            1.6408522129058838
         ],
         [
            1.2021145039398107e-06,
            0.9871366024017334,
            0.15987995266914368,
            0.9794552326202393
         ],
         [
            0.0,
            0.0,
            0.0,
            1.0
         ]
      ],
      [
         [
            -0.37975552678108215,
            -0.14790239930152893,
            0.9131872057914734,
            4.536421775817871
         ],
         [
            0.9250868558883667,
            -0.06071639806032181,
            0.3748703896999359,
            1.627269983291626
         ],
         [
            1.2021145039398107e-06,
            0.9871366024017334,
            0.15987995266914368,
            0.9794552326202393
         ],
         [
            0.0,
            0.0,
            0.0,
            1.0
         ]
      ],
      [
         [
            -0.3738471567630768,
            -0.14828667044639587,
            0.915559709072113,
            4.512107849121094
         ],
         [
            0.9274903535842896,
            -0.05977176874876022,
            0.36903801560401917,
            1.6140186786651611
         ],
         [
            1.2021145039398107e-06,
            0.9871366024017334,
            0.15987995266914368,
            0.9794552326202393
         ],
         [
            0.0,
            0.0,
            0.0,
            1.0
         ]
      ],
      [
         [
            -0.3673016130924225,
            -0.14870421588420868,
            0.9181376695632935,
            4.487171173095703
         ],
         [
            0.9301018714904785,
            -0.0587252713739872,
            0.3625766634941101,
            1.6011883020401
         ],
         [
            1.2021145039398107e-06,
            0.9871366024017334,
            0.15987995266914368,
            0.9794552326202393
         ],
         [
            0.0,
            0.0,
            0.0,
            1.0
         ]
      ],
      [
         [
            -0.3601040244102478,
            -0.14915353059768677,
            0.9209117889404297,
            4.461607933044434
         ],
         [
            0.9329121708869934,
            -0.057574525475502014,
            0.355471670627594,
            1.5888683795928955
         ],
         [
            1.2021145039398107e-06,
            0.9871366024017334,
            0.15987995266914368,
            0.9794552326202393
         ],
         [
            0.0,
            0.0,
            0.0,
            1.0
         ]
      ],
      [
         [
            -0.35223937034606934,
            -0.14963282644748688,
            0.9238710403442383,
            4.435417652130127
         ],
         [
            0.9359099268913269,
            -0.056317128241062164,
            0.34770816564559937,
            1.5771490335464478
         ],
         [
            1.2021145039398107e-06,
            0.9871366024017334,
            0.15987995266914368,
            0.9794552326202393
         ],
         [
            0.0,
            0.0,
            0.0,
            1.0
         ]
      ],
      [
         [
            -0.34369146823883057,
            -0.15014007687568665,
            0.9270029067993164,
            4.408596515655518
         ],
         [
            0.9390826225280762,
            -0.054950494319200516,
            0.3392702341079712,
            1.5661197900772095
         ],
         [
            1.2021145039398107e-06,
            0.9871366024017334,
            0.15987995266914368,
            0.9794552326202393
         ],
         [
            0.0,
            0.0,
            0.0,
            1.0
         ]
      ],
      [
         [
            -0.33444473147392273,
            -0.15067292749881744,
            0.9302927851676941,
            4.381145000457764
         ],
         [
            0.9424153566360474,
            -0.0534721314907074,
            0.33014243841171265,
            1.5558704137802124
         ],
         [
            1.2021145039398107e-06,
            0.9871366024017334,
            0.15987995266914368,
            0.9794552326202393
         ],
         [
            0.0,
            0.0,
            0.0,
            1.0
         ]
      ],
      [
         [
            -0.324482798576355,
            -0.15122872591018677,
            0.9337242841720581,
            4.353059768676758
         ],
         [
            0.9458916187286377,
            -0.05187942087650299,
            0.320308655500412,
            1.5464906692504883
         ],
         [
            1.2021145039398107e-06,
            0.9871366024017334,
            0.15987995266914368,
            0.9794552326202393
         ],
         [
            0.0,
            0.0,
            0.0,
            1.0
         ]
      ],
      [
         [
            -0.313789039850235,
            -0.15180447697639465,
            0.9372790455818176,
            4.324338436126709
         ],
         [
            0.9494927525520325,
            -0.05016970634460449,
            0.3097524642944336,
            1.5380704402923584
         ],
         [
            1.2021145039398107e-06,
            0.9871366024017334,
            0.15987995266914368,
            0.9794552326202393
         ],
         [
            0.0,
            0.0,
            0.0,
            1.0
         ]
      ],
      [
         [
            -0.3023465871810913,
            -0.15239690244197845,
            0.9409367442131042,
            4.294980049133301
         ],
         [
            0.9531980752944946,
            -0.048340294510126114,
            0.29845720529556274,
            1.5306992530822754
         ],
         [
            1.2021145039398107e-06,
            0.9871366024017334,
            0.15987995266914368,
            0.9794552326202393
         ],
         [
            0.0,
            0.0,
            0.0,
            1.0
         ]
      ],
      [
         [
            -0.2901390492916107,
            -0.1530022919178009,
            0.9446744918823242,
            4.264982223510742
         ],
         [
            0.9569845199584961,
            -0.04638855159282684,
            0.28640666604042053,
            1.5244669914245605
         ],
         [
            1.2021145039398107e-06,
            0.9871366024017334,
            0.15987995266914368,
            0.9794552326202393
         ],
         [
            0.0,
            0.0,
            0.0,
            1.0
         ]
      ],
      [
         [
            -0.2771492898464203,
            -0.15361662209033966,
            0.9484674334526062,
            4.234343528747559
         ],
         [
            0.9608268737792969,
            -0.044311754405498505,
            0.2735840082168579,
            1.5194635391235352
         ],
         [
            1.2021145039398107e-06,
            0.9871366024017334,
            0.15987995266914368,
            0.9794552326202393
         ],
         [
            0.0,
            0.0,
            0.0,
            1.0
         ]
      ],
      [
         [
            -0.2633606791496277,
            -0.15423546731472015,
            0.9522882103919983,
            4.203060626983643
         ],
         [
            0.9646974205970764,
            -0.0421072393655777,
            0.25997278094291687,
            1.5157785415649414
         ],
         [
            1.2021145039398107e-06,
            0.9871366024017334,
            0.15987995266914368,
            0.9794552326202393
         ],
         [
            0.0,
            0.0,
            0.0,
            1.0
         ]
      ],
      [
         [
            -0.24875664710998535,
            -0.15485399961471558,
            0.9561070203781128,
            4.1711320877075195
         ],
         [
            0.9685660004615784,
            -0.03977235034108162,
            0.24555660784244537,
            1.5135016441345215
         ],
         [
            1.2021145039398107e-06,
            0.9871366024017334,
            0.15987995266914368,
            0.9794552326202393
         ],
         [
            0.0,
            0.0,
            0.0,
            1.0
         ]
      ],
      [
         [
            -0.23332123458385468,
            -0.1554669439792633,
            0.9598913788795471,
            4.138557434082031
         ],
         [
            0.9723997116088867,
            -0.03730454295873642,
            0.23031973838806152,
            1.5127227306365967
         ],
         [
            1.2021145039398107e-06,
            0.9871366024017334,
            0.15987995266914368,
            0.9794552326202393
         ],
         [
            0.0,
            0.0,
            0.0,
            1.0
         ]
      ],
      [
         [
            -0.21706326305866241,
            -0.15606777369976044,
            0.9636008739471436,
            4.1053385734558105
         ],
         [
            0.976157546043396,
            -0.03470522537827492,
            0.21427090466022491,
            1.5133039951324463
         ],
         [
            1.2021145039398107e-06,
            0.9871366024017334,
            0.15987995266914368,
            0.9794552326202393
         ],
         [
            0.0,
            0.0,
            0.0,
            1.0
         ]
      ],
      [
         [
            -0.20009176433086395,
            -0.1566464900970459,
            0.9671739339828491,
            4.071501731872559
         ],
         [
            0.9797771573066711,
            -0.031991828233003616,
            0.19751772284507751,
            1.5150221586227417
         ],
         [
            1.2021145039398107e-06,
            0.9871366024017334,
            0.15987995266914368,
            0.9794552326202393
         ],
         [
            0.0,
            0.0,
            0.0,
            1.0
         ]
      ],
      [
         [
            -0.18254303932189941,
            -0.1571934074163437,
            0.9705505967140198,
            4.037078380584717
         ],
         [
            0.9831978678703308,
            -0.02918614074587822,
            0.18019472062587738,
            1.5178377628326416
         ],
         [
            1.2021145039398107e-06,
            0.9871366024017334,
            0.15987995266914368,
            0.9794552326202393
         ],
         [
            0.0,
            0.0,
            0.0,
            1.0
         ]
      ],
      [
         [
            -0.16455595195293427,
            -0.15770024061203003,
            0.9736797213554382,
            4.002099514007568
         ],
         [
            0.9863677620887756,
            -0.02631036937236786,
            0.1624390035867691,
            1.521712064743042
         ],
         [
            1.2021145039398107e-06,
            0.9871366024017334,
            0.15987995266914368,
            0.9794552326202393
         ],
         [
            0.0,
            0.0,
            0.0,
            1.0
         ]
      ],
      [
         [
            -0.1462724506855011,
            -0.15816016495227814,
            0.9765192866325378,
            3.9665961265563965
         ],
         [
            0.9892443418502808,
            -0.023387204855680466,
            0.14439068734645844,
            1.5266056060791016
         ],
         [
            1.2021145039398107e-06,
            0.9871366024017334,
            0.15987995266914368,
            0.9794552326202393
         ],
         [
            0.0,
            0.0,
            0.0,
            1.0
         ]
      ],
      [
         [
            -0.127836212515831,
            -0.15856803953647614,
            0.9790374636650085,
            3.9305994510650635
         ],
         [
            0.9917953014373779,
            -0.020439624786376953,
            0.1261916160583496,
            1.5324796438217163
         ],
         [
            1.2021145039398107e-06,
            0.9871366024017334,
            0.15987995266914368,
            0.9794552326202393
         ],
         [
            0.0,
            0.0,
            0.0,
            1.0
         ]
      ],
      [
         [
            -0.1093926727771759,
            -0.1589203178882599,
            0.9812124371528625,
            3.89414119720459
         ],
         [
            0.9939985871315002,
            -0.017490874975919724,
            0.10798531770706177,
            1.539294958114624
         ],
         [
            1.2021145039398107e-06,
            0.9871366024017334,
            0.15987995266914368,
            0.9794552326202393
         ],
         [
            0.0,
            0.0,
            0.0,
            1.0
         ]
      ],
      [
         [
            -0.09108874201774597,
            -0.15921519696712494,
            0.9830328822135925,
            3.8572518825531006
         ],
         [
            0.9958427548408508,
            -0.014564446173608303,
            0.08991683274507523,
            1.547012448310852
         ],
         [
            1.2021145039398107e-06,
            0.9871366024017334,
            0.15987995266914368,
            0.9794552326202393
         ],
         [
            0.0,
            0.0,
            0.0,
            1.0
         ]
      ],
      [
         [
            -0.07307202368974686,
            -0.15945245325565338,
            0.9844976663589478,
            3.819963216781616
         ],
         [
            0.997326672077179,
            -0.011683935299515724,
            0.07213187217712402,
            1.5555931329727173
         ],
         [
            1.2021145039398107e-06,
            0.9871366024017334,
            0.15987995266914368,
            0.9794552326202393
         ],
         [
            0.0,
            0.0,
            0.0,
            1.0
         ]
      ],
      [
         [
            -0.05549027398228645,
            -0.1596335470676422,
            0.9856156706809998,
            3.782305955886841
         ],
         [
            0.9984592199325562,
            -0.008872967213392258,
            0.05477628856897354,
            1.564997911453247
         ],
         [
            1.2021145039398107e-06,
            0.9871366024017334,
            0.15987995266914368,
            0.9794552326202393
         ],
         [
            0.0,
            0.0,
            0.0,
            1.0
         ]
      ],
      [
         [
            -0.03849131986498833,
            -0.1597614288330078,
            0.986405074596405,
            3.744311571121216
         ],
         [
            0.9992589354515076,
            -0.006155176553875208,
            0.037995994091033936,
            1.5751876831054688
         ],
         [
            1.2021145039398107e-06,
            0.9871366024017334,
            0.15987995266914368,
            0.9794552326202393
         ],
         [
            0.0,
            0.0,
            0.0,
            1.0
         ]
      ],
      [
         [
            -0.022222282364964485,
            -0.1598404496908188,
            0.986892819404602,
            3.7060115337371826
         ],
         [
            0.9997530579566956,
            -0.0035540841054171324,
            0.021936235949397087,
            1.5861234664916992
         ],
         [
            1.2021145039398107e-06,
            0.9871366024017334,
            0.15987995266914368,
            0.9794552326202393
         ],
         [
            0.0,
            0.0,
            0.0,
            1.0
         ]
      ],
      [
         [
            -0.006829371675848961,
            -0.15987621247768402,
            0.9871135950088501,
            3.6674365997314453
         ],
         [
            0.9999766945838928,
            -0.0010930662974715233,
            0.0067413304932415485,
            1.5977660417556763
         ],
         [
            1.2021145039398107e-06,
            0.9871366024017334,
            0.15987995266914368,
            0.9794552326202393
         ],
         [
            0.0,
            0.0,
            0.0,
            1.0
         ]
      ],
      [
         [
            0.007542614359408617,
            -0.15987542271614075,
            0.9871085286140442,
            3.628618001937866
         ],
         [
            0.9999715685844421,
            0.0012047261698171496,
            -0.007445782423019409,
            1.6100764274597168
         ],
         [
            1.2021145039398107e-06,
            0.9871366024017334,
            0.15987995266914368,
            0.9794552326202393
         ],
         [
            0.0,
            0.0,
            0.0,
            1.0
         ]
      ],
      [
         [
            0.020749585703015327,
            -0.15984556078910828,
            0.9869240522384644,
            3.589587450027466
         ],
         [
            0.9997847080230713,
            0.003316256683319807,
            -0.02048286609351635,
            1.6230155229568481
         ],
         [
            1.2021145039398107e-06,
            0.9871366024017334,
            0.15987995266914368,
            0.9794552326202393
         ],
         [
            0.0,
            0.0,
            0.0,
            1.0
         ]
      ],
      [
         [
            0.032649390399456024,
            -0.15979476273059845,
            0.9866102933883667,
            3.5503756999969482
         ],
         [
            0.9994668960571289,
            0.005218797363340855,
            -0.032229602336883545,
            1.636544108390808
         ],
         [
            1.2021145039398107e-06,
            0.9871366024017334,
            0.15987995266914368,
            0.9794552326202393
         ],
         [
            0.0,
            0.0,
            0.0,
            1.0
         ]
      ],
      [
         [
            0.043100785464048386,
            -0.1597314327955246,
            0.9862192869186401,
            3.5110137462615967
         ],
         [
            0.9990707039833069,
            0.006889766547828913,
            -0.042546551674604416,
            1.6506234407424927
         ],
         [
            1.2021145039398107e-06,
            0.9871366024017334,
            0.15987995266914368,
            0.9794552326202393
         ],
         [
            0.0,
            0.0,
            0.0,
            1.0
         ]
      ],
      [
         [
            0.05196383222937584,
            -0.15966401994228363,
            0.985802948474884,
            3.4715332984924316
         ],
         [
            0.9986489415168762,
            0.008306790143251419,
            -0.05129559338092804,
            1.6652140617370605
         ],
         [
            1.2021145039398107e-06,
            0.9871366024017334,
            0.15987995266914368,
            0.9794552326202393
         ],
         [
            0.0,
            0.0,
            0.0,
            1.0
         ]
      ],
      [
         [
            0.05909914895892143,
            -0.15960057079792023,
            0.9854111671447754,
            3.4319653511047363
         ],
         [
            0.9982520937919617,
            0.009447584860026836,
            -0.05833912268280983,
            1.6802772283554077
         ],
         [
