1.0 2.218975889316899e-09 -4.847292535344094e-09 0.0 -2.218976051952712e-09 0.9999999999999994 -3.3551887607378734e-08 -1.1102230246251565e-16 4.8472924608932615e-09 3.355188761813476e-08 0.9999999999999994 -0.0
0.9999999979741591 2.6494213846021295e-05 -5.7876925326523486e-05 -0.0036870857621664754 -2.6494214719513756e-05 0.9999999996490282 -1.432553846955547e-08 -0.01699281433147759 5.787692492666644e-05 1.5858942127440386e-08 0.9999999983251306 0.03712099297027649
0.9999999918973151 5.298620792423782e-05 -0.00011574900187971382 -0.007374171524333395 -5.298620976539796e-05 0.9999999985962307 -1.283993783942223e-08 -0.03398562866295507 0.00011574900103688932 1.897303862911822e-08 0.9999999933010841 0.07424198594055298
0.9999999817694685 7.947820175327998e-05 -0.00017362107585304078 -0.011061257286500314 -7.947820379169164e-05 0.9999999968416075 -4.841031609745481e-09 -0.050978442994432493 0.0001736210749199208 1.864012277067163e-08 0.9999999849278608 0.11136297891082947
0.9999999675264652 0.0001060750251571447 -0.00023172215531356118 -0.01474834304866679 -0.00010607502894772024 0.999999994374044 -4.068311172712483e-09 -0.06797125732590997 0.00023172215357835637 2.8648245373314172e-08 0.999999973152421 0.14848397188110596
0.9999999492684173 0.0001325829167929877 -0.00028962895717823386 -0.01843542881083371 -0.0001325829204314275 0.9999999912108845 6.637509692109385e-09 -0.08496407165738745 0.00028962895551267197 3.17623436288211e-08 0.9999999580575326 0.18560496485138245
0.9999999269691033 0.00015907490272587847 -0.0003475010263523091 -0.022122560339997488 -0.00015907491127340368 0.9999999873475862 3.042226144731138e-09 -0.10195690188266543 0.0003475010224395242 5.2236469011855655e-08 0.9999999396215166 0.2227259925417222
0.9999999006017555 0.0001855827949078772 -0.00040540782622179626 -0.025809646102163963 -0.000185582802096652 0.9999999827795115 1.9886156701010847e-08 -0.11894971621414291 0.000405407822931004 5.5350565657791726e-08 0.9999999178222436 0.2598469855119987
0.9999998702213171 0.00021205573538488724 -0.00046323829098769746 -0.029496731864330883 -0.0002120557477572969 0.9999999775161794 2.2407653061654042e-08 -0.1359425305456204 0.0004632382853240022 7.582469203159012e-08 0.9999998927051369 0.2969679784822752
0.9999998357475828 0.00023856361985450397 -0.0005211450919134985 -0.03318381762649736 -0.00023856363764414773 0.9999999715436946 2.8027456084156965e-08 -0.15293534487709787 0.000521145083769966 9.629881738669838e-08 0.999999864203887 0.3340889714525517
0.9999997972179823 0.000265071513552929 -0.0005790518863628417 -0.03687090338866428 -0.00026507152667877863 0.9999999648685407 5.4077261578752356e-08 -0.16992815920857512 0.0005790518803542456 9.941291693156894e-08 0.9999998323494409 0.37120996442282816
0.9999997545148736 0.0002916492840571367 -0.000637111362142131 -0.040558034917828056 -0.0002916493056389806 0.9999999574703387 5.9032030665201296e-08 -0.1869209894338531 0.00063711135226265 1.2678107020974187e-07 0.9999997970445338 0.4083309921131679
0.9999997078628476 0.0003181571789599058 -0.000695018150023257 -0.044245120679994976 -0.0003181571923964468 0.9999999493879951 9.122988011986634e-08 -0.20391380376533058 0.0006950181438724361 1.2989516980774294e-07 0.9999997584748522 0.4454519850834444
0.999999657192828 0.0003446460254190207 -0.0007528833533030947 -0.04793220644216145 -0.00034464604095111315 0.9999999406095454 1.0910901104802788e-07 -0.22090661809680806 0.0007528833461929971 1.5036929336923335e-07 0.999999716583282 0.4825729780537209
0.9999996024319845 0.0003711539082358372 -0.0008107901389238912 -0.05161929220432837 -0.0003711539247592728 0.9999999311223713 1.300845774580812e-07 -0.23789943242828554 0.0008107901313599882 1.708434164771043e-07 0.9999996713096129 0.5196939710239974
0.9999995436589676 0.00039764275558185796 -0.0008686553376594927 -0.055306377966494846 -0.00039764277174775595 0.999999920940098 1.5409704168706712e-07 -0.254892246759763 0.0008686553302592591 1.9131754479413948e-07 0.9999996227188691 0.5568149639942739
0.9999994807893094 0.0004241506178706067 -0.0009265621214780035 -0.058993463728661766 -0.00042415065131738624 0.9999999100480955 1.604032949429329e-07 -0.2718850610912405 0.0009265621061671328 2.3259871565108696e-07 0.9999995707412125 0.5939359569645504
0.9999994139132975 0.0004506394646763378 -0.0009844273129185962 -0.06268054949082824 -0.0004506394954513888 0.9999998984619993 1.9054909605007894e-07 -0.288877875422718 0.0009844272988307574 2.5307284323041495e-07 0.9999995154512973 0.6310569499348269
0.9999993429872429 0.0004771283122360135 -0.0010422925003060384 -0.06636763525299516 -0.0004771283381820721 0.999999886174243 2.2376046547753577e-07 -0.3058706897541955 0.0010422924884287586 2.7354697010660146e-07 0.9999994568129993 0.6681779429051034
0.9999992676510162 0.0005037410209282557 -0.0011004282871259678 -0.07005472101516164 -0.0005037410508561711 0.9999998731224377 2.499689454685738e-07 -0.322863504085673 0.0011004282734259209 3.0436213934462074e-07 0.9999993945285779 0.7052989358753803
0.9999991886059403 0.0005302298688200871 -0.0011582934632612468 -0.07374180677732856 -0.0005302298893858731 0.9999998594280805 2.8932578536514867e-07 -0.33985631841715047 0.0011582934538468845 3.248362642934656e-07 0.9999993291778596 0.7424199288456568
0.9999991055108247 0.0005567186919936447 -0.0012161586444485724 -0.07742889253949503 -0.0005567187255452221 0.99999984503207 3.1094113809172425e-07 -0.35684913274862795 0.0012161586290897284 3.66117430639972e-07 0.999999260478754 0.7795409218159333
0.9999990183656702 0.0005832075397985045 -0.001274023807246979 -0.08111602406865925 -0.0005832075590123471 0.9999998299343935 3.564291123386151e-07 -0.37384196297390593 0.0012740237984514933 3.8659155229256533e-07 0.9999991884312764 0.8166619495062726
0.9999989271144457 0.0006097122820637971 -0.0013319237554830065 -0.08480310983082573 -0.0006097123111361818 0.9999998141253578 3.842180092553685e-07 -0.3908347773053834 0.0013319237421745942 4.2787271417931e-07 0.9999991129890876 0.8537829424765495
0.999998831866779 0.0006362011066439022 -0.001389788915329203 -0.08849019559299265 -0.0006362011394624046 0.999999797623947 4.184788845067369e-07 -0.4078275916368609 0.0013897889003059373 4.6570689587700867e-07 0.9999990342428314 0.890903935446826
0.9999987325081657 0.0006627058487106057 -0.001447688854763364 -0.09217728135515912 -0.0006627058882206708 0.9999997804103263 4.5240444698342456e-07 -0.4248204059683383 0.001447688836676914 5.069880547986388e-07 0.9999989520978385 0.9280249284171025
0.9999986287408742 0.0006892995010756182 -0.0015057830417929002 -0.09586436711732604 -0.0006892995555776554 0.9999997624329166 4.82773000112136e-07 -0.4418132202998158 0.0015057830168436028 5.551632433989624e-07 0.9999988663079563 0.965145921387379
0.999998521324636 0.000715788348705785 -0.0015636481642575311 -0.09955145287949252 -0.0007157883737497968 0.9999997438233215 5.436046036801441e-07 -0.45880603463129305 0.0015636481527931795 5.756373767453445e-07 0.9999987775013143 1.0022669143576555
0.999998409790125 0.0007422930905559705 -0.00162154808400208 -0.10323853864165944 -0.000742293115018778 0.9999997245002555 5.867463855382172e-07 -0.4757988489627705 0.0016215480728037854 6.169185259383144e-07 0.9999986852898692 1.039387907327932
0.9999982942007042 0.0007687978034065974 -0.0016794480103387048 -0.10692562440382636 -0.0007687978537585274 0.999999704474697 6.155973256286689e-07 -0.492791663294248 0.0016794479872891941 6.755597503042411e-07 0.9999985897260064 1.0765089002982084
0.9999981746295017 0.0007952866143197008 -0.001737313116782002 -0.11061271016599283 -0.0007952866595060612 0.9999996837592936 6.648222669982196e-07 -0.5097844776257255 0.0017373130960971243 7.168408917103551e-07 0.9999984908702074 1.1136298932684854
0.999998051022918 0.0008217723360900637 -0.0017951714662551245 -0.11429953621500699 -0.0008217723729094763 0.9999996623447696 7.171016280959214e-07 -0.5267774602474488 0.0017951714494003693 7.581220851225747e-07 0.9999983886781482 1.1507512538715412
0.9999979232741223 0.0008482770448539415 -0.0018530713687949806 -0.11798692745732353 -0.0008482771019350574 0.9999996402126293 7.551563037682917e-07 -0.543770122182481 0.0018530713426650627 8.167632748845822e-07 0.9999982830614921 1.1878719139291012
0.9999977914704223 0.0008747817847145299 -0.0019109712470101348 -0.12167370773934039 -0.000874781827142111 0.9999996173779733 8.136402790656428e-07 -0.5607630889104037 0.0019109712275881385 8.580444369585433e-07 0.9999981740924485 1.2249932398120946
0.9999976552481634 0.0009013564111974372 -0.0019690238178746125 -0.12536109898165693 -0.000901356448259348 0.9999995937778169 8.685747181081742e-07 -0.577755750845436 0.0019690238009088495 9.06219633501513e-07 0.9999980614703461 1.2621138998696542
0.9999975153239645 0.0009278611155676471 -0.002026923690608187 -0.1290480320037486 -0.0009278611652431984 0.999999569536317 9.15845202104927e-07 -0.5947486413751361 0.002026923667868301 9.648608509004552e-07 0.9999979457876469 1.2992350592962891
0.9999973714496034 0.0009543468045978794 -0.0020847820174976633 -0.1327351177659155 -0.0009543468644274633 0.9999995446104608 9.661056535385647e-07 -0.6117414557066135 0.0020847819901095846 1.0235020673324903e-06 0.9999978268391417 1.3363560522665656
0.9999972233282748 0.0009808674813074731 -0.0021427166692651245 -0.136422203528082 -0.0009808675111367632 0.9999995189488095 1.036940794204123e-06 -0.628734270038091 0.0021427166556102248 1.0647832514933985e-06 0.9999977043794651 1.373477045236842
0.9999970713503863 0.0010073531709346082 -0.0022005749792891782 -0.1401092892902489 -0.0010073532040415346 0.9999994926190348 1.093335080146777e-06 -0.6457270843695685 0.0022005749641338807 1.1234243779691697e-06 0.9999975787313513 1.4105980382071186
0.9999969152099668 0.0010338578232393432 -0.0022584748287282665 -0.14379637505241538 -0.0010338579031891444 0.9999994655681345 1.1320729178899805e-06 -0.662719898701046 0.0022584747921297926 1.202872625151741e-06 0.9999974496418311 1.4477190311773955
0.9999967551310016 0.0010603435098200736 -0.0023163331169603367 -0.1474834608145823 -0.0010603435873186946 0.9999994378348669 1.194599016217025e-06 -0.6797127130325235 0.002316333081483935 1.2615138267631048e-06 0.9999973172961336 1.484840024147672
0.9999965903451389 0.0010869340754124887 -0.0023744204371529284 -0.15117054657674922 -0.0010869341211619133 0.9999994092861257 1.271153877951031e-06 -0.6967055273640009 0.002374420416210298 1.3096890473706723e-06 0.9999971810590127 1.5219610171179485
0.9999964220298173 0.0011134387185475806 -0.0024323202469436664 -0.1548576323389157 -0.0011134388037155503 0.999999380125953 1.3191071816973024e-06 -0.7136983416954784 0.0024323202079564814 1.3891372840389291e-06 0.999997041903863 1.559082010088225
0.9999962496797496 0.0011399403484007309 -0.0024902133318046053 -0.15854471810108262 -0.001139940419193768 0.9999993502667419 1.3909215730631259e-06 -0.7306911560269557 0.0024902132993978067 1.4477784726774677e-06 0.9999968994130068 1.5962030030585015
0.9999960733830783 0.0011664260240659024 -0.0025480715758199723 -0.16223174265716844 -0.0011664260846979497 0.9999993197237939 1.4622762248938443e-06 -0.7476840783442568 0.002548071548064551 1.5098666686185498e-06 0.9999967536592838 1.633324231925262
0.9999914770188784 -0.0017184749153641976 0.0037540289779530276 -0.16591882841933536 0.001718474992122199 0.999998523415624 3.205169372555029e-06 -0.7646768926757342 -0.0037540289428156584 3.2460628633573617e-06 0.9999929536032539 1.6704452248955386
0.9997081060851593 -0.010056091222716489 0.02196765023720769 -0.16960591418150184 0.010056090972879636 0.9999494301353985 0.00011048184039520826 -0.7816697070072117 -0.02196765035157505 0.000110459097827465 0.9997586759497608 1.707566217865815
0.9984234966906815 -0.023362784636122787 0.051036276803846814 -0.17329299994366876 0.023362782086062156 0.9997268748854866 0.00059669497879219 -0.7986625213386891 -0.0510362779711834 0.0005965951262687513 0.9986966218051924 1.7446872108360916
0.9951055305534178 -0.04113098945350529 0.089851125583248 -0.17698008570583568 0.04113098156814139 0.9991520458726662 0.001852453429027629 -0.8156553356701666 -0.08985112919291653 0.0018522783379232943 0.9959534846807439 1.7818082038063685
0.9885481177794933 -0.06281161294003358 0.13721268204685977 -0.18066717146800215 0.06281158970301115 0.9980159910512963 0.004334259438391311 -0.832648150001644 -0.13721269268402914 0.004333922676987347 0.9905321267281683 1.818929196776645
0.9774993479923424 -0.08779892662627926 0.19179774023126198 -0.18435425723016907 0.08779888234203681 0.9961018203942789 0.008515847972628554 -0.8496409643331215 -0.19179776050317843 0.008515391387186787 0.9813975275980108 1.8560501897469215
0.9607810817276337 -0.11542393761087798 0.25214485444021717 -0.18804134299233555 0.1154238566667199 0.9932054240246602 0.014843146572593854 -0.866633778664599 -0.2521448914938763 0.014842517117900043 0.9675756577028725 1.893171182717198
0.9373982942775927 -0.14495597354573087 0.31665786524081313 -0.19172842875450247 0.14495584035475756 0.9891544165069218 0.023692713054797872 -0.8836265929960765 -0.3166579262114019 0.02369189815654967 0.9482438777704995 1.9302921756874745
0.9066327144514714 -0.17561618081743224 0.3836353452452677 -0.19541551451666894 0.17561597428831704 0.983824358796762 0.035336392188584476 -0.900619407327554 -0.3836354397877261 0.03533536575782445 0.9228083556544332 1.967413168657751
0.8681170931381073 -0.20659984239342355 0.4513194187318502 -0.19910260027883586 0.2065995554682853 0.9771516272960299 0.04991313407338303 -0.9176122216590314 -0.45131955007704855 0.04991194642300729 0.8909654658416999 2.0045341616280274
0.821884197888233 -0.2371075322104536 0.5179636892975072 -0.20278968604100234 0.2371071424541525 0.9691418974474572 0.06741057490608351 -0.9346050359905089 -0.5179638677155407 0.06740920397847133 0.85274230044026 2.0416551545983044
0.7683864826863124 -0.26638166342267355 0.5819132432047983 -0.20647677180316926 0.2663811654241824 0.959873557819205 0.08765744524428931 -0.9515978503219864 -0.5819134711726578 0.08765593186813235 0.8085129248664598 2.078776147568581
0.7084867769004966 -0.29374385719536084 0.6416860862736058 -0.21016385756533573 0.2937432209016751 0.9494960874733699 0.11032724072989614 -0.9685906646534639 -0.6416863775486088 0.11032554660074985 0.7589906894262868 2.1158971405388574
0.6434196389016564 -0.31863014758112457 0.6960502836204384 -0.21385094332750265 0.31862936525161084 0.938223373220311 0.13495269372063878 -0.9855834789849414 -0.6960506417459994 0.13495084659064474 0.7051962656803074 2.153018133509134
0.5747277218757364 -0.3406200669174881 0.74408737102618 -0.21753802908966957 0.34061915231231144 0.9263226798871693 0.1609499481351117 -1.0025762933164188 -0.7440877897033176 0.1609480125375231 0.6484050419873775 2.1901391264794103
0.5041816815640088 -0.3594557635168149 0.7852339689862073 -0.22122511485183605 0.35945469469468067 0.9141007610209517 0.1876489306201098 -1.0195691076478963 -0.7852344582589599 0.18764688320209452 0.5900809205416637 2.227260119449687
0.43369084531362506 -0.3750495567249095 0.819298529653021 -0.22491229214799713 0.3750483106436448 0.9018884000558621 0.21432703639071168 -1.0365619537669748 -0.8192991000693834 0.21432485587333583 0.5318024452561048 2.264381181860089
0.36521370518329793 -0.3874790283414118 0.8464507972362495 -0.2285993779101636 0.38747768471426597 0.8900249270800973 0.2402429458372072 -1.0535547680984523 -0.8464514123059628 0.24024077874428976 0.4751887781014807 2.3015021748303655
0.3006805814106079 -0.39696967077451983 0.8671829498137912 -0.23228646367233052 0.3969681552143293 0.8788447216498885 0.26466627849777596 -1.0705475824299298 -0.8671836435890099 0.26466400532240786 0.42183585975873317 2.338623167800642
0.24193149584445497 -0.40386598398181295 0.8822479347104568 -0.235973549434497 0.403864369100512 0.8686666041002947 0.2869005093963882 -1.0875403967614072 -0.8822486739516868 0.28689823614526405 0.37326489174207966 2.375744160770919
0.19067598718101308 -0.40859432957563846 0.8925767987972691 -0.23966063519666392 0.4085925592440252 0.8597867055238863 0.30629877821303797 -1.1045332110928847 -0.8925776091987542 0.30629641663430635 0.3308892816547849 2.4128651537411954
0.14847922986818474 -0.41161721291001613 0.8991802868913114 -0.2433477209588304 0.411615382734879 0.8524762379428964 0.3222685843186471 -1.121526025424362 -0.8991811246872177 0.3222662467260826 0.29600299192290913 2.449986146711472
0.11676655339147278 -0.4133837406178516 0.9030390107862835 -0.2470348067209973 0.4133817710412442 0.8469820731110169 0.3342706675725053 -1.1385188397558395 -0.9030399123958368 0.33426823184585885 0.2697844802777996 2.4871071396817483
0.0968476992843112 -0.41427433492544347 0.9049846952105969 -0.25072189248316423 0.41427240815740995 0.8435312154259503 0.34180909941293136 -1.155511654087317 -0.904985577223635 0.34180676415790884 0.25331648385587485 2.524228132652025
0.08994715685738718 -0.4145437983592182 0.9055732704840533 -0.2544089782453307 0.414541837261046 0.842335707085987 0.3444207045579384 -1.1725044684187944 -0.9055741682123608 0.34441834418314893 0.24761144976884428 2.5613491256223013
0.08994715685738718 -0.4145437983592182 0.9055732704840533 -0.2141667015959845 0.414541837261046 0.842335707085987 0.3444207045579384 -1.174017157436107 -0.9055741682123608 0.34441834418314893 0.24761144976884428 2.5646537288716353
0.08994715685738718 -0.4145437983592182 0.9055732704840533 -0.17392427220656304 0.414541837261046 0.842335707085987 0.3444207045579384 -1.1755299226516422 -0.9055741682123608 0.34441834418314893 0.24761144976884428 2.5679584985773274
0.08994715685738718 -0.4145437983592182 0.9055732704840533 -0.13368199555721683 0.414541837261046 0.842335707085987 0.3444207045579384 -1.1770426116689547 -0.9055741682123608 0.34441834418314893 0.24761144976884428 2.571263101826661
0.08994715685738718 -0.4145437983592182 0.9055732704840533 -0.09343971890787017 0.414541837261046 0.842335707085987 0.3444207045579384 -1.1785553006862672 -0.9055741682123608 0.34441834418314893 0.24761144976884428 2.574567705075995
0.08994715685738718 -0.4145437983592182 0.9055732704840533 -0.053197442258523964 0.414541837261046 0.842335707085987 0.3444207045579384 -1.1800679897035797 -0.9055741682123608 0.34441834418314893 0.24761144976884428 2.5778723083253285
0.08994715685738718 -0.4145437983592182 0.9055732704840533 -0.0129550128691025 0.414541837261046 0.842335707085987 0.3444207045579384 -1.1815807549191149 -0.9055741682123608 0.34441834418314893 0.24761144976884428 2.581177078031021
0.08994715685738718 -0.4145437983592182 0.9055732704840533 0.027287263780244153 0.414541837261046 0.842335707085987 0.3444207045579384 -1.1830934439364273 -0.9055741682123608 0.34441834418314893 0.24761144976884428 2.5844816812803546
0.08994715685738718 -0.4145437983592182 0.9055732704840533 0.06752954042959036 0.414541837261046 0.842335707085987 0.3444207045579384 -1.1846061329537398 -0.9055741682123608 0.34441834418314893 0.24761144976884428 2.5877862845296886
0.08994715685738718 -0.4145437983592182 0.9055732704840533 0.10777186284593387 0.414541837261046 0.842335707085987 0.3444207045579384 -1.1861188060772518 -0.9055741682123608 0.34441834418314893 0.24761144976884428 2.5910908530589594
0.08994715685738718 -0.4145437983592182 0.9055732704840533 0.14801424646835804 0.414541837261046 0.842335707085987 0.3444207045579384 -1.1876315871865875 -0.9055741682123608 0.34441834418314893 0.24761144976884428 2.5943956574847142
0.08994715685738718 -0.4145437983592182 0.9055732704840533 0.18825656888470155 0.414541837261046 0.842335707085987 0.3444207045579384 -1.1891442603100995 -0.9055741682123608 0.34441834418314893 0.24761144976884428 2.5977002260139854
0.08994715685738718 -0.4145437983592182 0.9055732704840533 0.2284987997670509 0.414541837261046 0.842335707085987 0.3444207045579384 -1.1906569652212124 -0.9055741682123608 0.34441834418314893 0.24761144976884428 2.601004863983382
0.08994715685738718 -0.4145437983592182 0.9055732704840533 0.2687411221833944 0.414541837261046 0.842335707085987 0.3444207045579384 -1.1921696383447244 -0.9055741682123608 0.34441834418314893 0.24761144976884428 2.604309432512653
0.08994715685738718 -0.4145437983592182 0.9055732704840533 0.30898350580581857 0.414541837261046 0.842335707085987 0.3444207045579384 -1.19368241945406 -0.9055741682123608 0.34441834418314893 0.24761144976884428 2.607614236938408
0.08994715685738718 -0.4145437983592182 0.9055732704840533 0.3492258282221625 0.414541837261046 0.842335707085987 0.3444207045579384 -1.1951950925775723 -0.9055741682123608 0.34441834418314893 0.24761144976884428 2.610918805467679
0.08994715685738718 -0.4145437983592182 0.9055732704840533 0.3894680591045119 0.414541837261046 0.842335707085987 0.3444207045579384 -1.1967077974886853 -0.9055741682123608 0.34441834418314893 0.24761144976884428 2.6142234434370755
0.08994715685738718 -0.4145437983592182 0.9055732704840533 0.4297103815208554 0.414541837261046 0.842335707085987 0.3444207045579384 -1.1982204706121973 -0.9055741682123608 0.34441834418314893 0.24761144976884428 2.617528011966346
0.08994715685738718 -0.4145437983592182 0.9055732704840533 0.46995281091027663 0.414541837261046 0.842335707085987 0.3444207045579384 -1.1997332358277322 -0.9055741682123608 0.34441834418314893 0.24761144976884428 2.6208327816720387
0.08994715685738718 -0.4145437983592182 0.9055732704840533 0.5101950875596231 0.414541837261046 0.842335707085987 0.3444207045579384 -1.2012459248450447 -0.9055741682123608 0.34441834418314893 0.24761144976884428 2.6241373849213723
0.08994715685738718 -0.4145437983592182 0.9055732704840533 0.5504373642089695 0.414541837261046 0.842335707085987 0.3444207045579384 -1.2027586138623572 -0.9055741682123608 0.34441834418314893 0.24761144976884428 2.6274419881707063
0.08994715685738718 -0.4145437983592182 0.9055732704840533 0.5906796408583161 0.414541837261046 0.842335707085987 0.3444207045579384 -1.2042713028796697 -0.9055741682123608 0.34441834418314893 0.24761144976884428 2.63074659142004
0.08994715685738718 -0.4145437983592182 0.9055732704840533 0.6309220702477374 0.414541837261046 0.842335707085987 0.3444207045579384 -1.205784068095205 -0.9055741682123608 0.34441834418314893 0.24761144976884428 2.634051361125732
0.08994715685738718 -0.4145437983592182 0.9055732704840533 0.6711643468970838 0.414541837261046 0.842335707085987 0.3444207045579384 -1.2072967571125175 -0.9055741682123608 0.34441834418314893 0.24761144976884428 2.637355964375066
0.08994715685738718 -0.4145437983592182 0.9055732704840533 0.7114066235464303 0.414541837261046 0.842335707085987 0.3444207045579384 -1.20880944612983 -0.9055741682123608 0.34441834418314893 0.24761144976884428 2.6406605676243995
0.08994715685738718 -0.4145437983592182 0.9055732704840533 0.7516490529358515 0.414541837261046 0.842335707085987 0.3444207045579384 -1.210322211345365 -0.9055741682123608 0.34441834418314893 0.24761144976884428 2.643965337330092
0.08994715685738718 -0.4145437983592182 0.9055732704840533 0.7918913295851979 0.414541837261046 0.842335707085987 0.3444207045579384 -1.2118349003626776 -0.9055741682123608 0.34441834418314893 0.24761144976884428 2.6472699405794256
0.08994715685738718 -0.4145437983592182 0.9055732704840533 0.8321336062345444 0.414541837261046 0.842335707085987 0.3444207045579384 -1.21334758937999 -0.9055741682123608 0.34441834418314893 0.24761144976884428 2.650574543828759
0.08994715685738718 -0.4145437983592182 0.9055732704840533 0.8723758828838908 0.414541837261046 0.842335707085987 0.3444207045579384 -1.2148602783973026 -0.9055741682123608 0.34441834418314893 0.24761144976884428 2.653879147078093
0.08994715685738718 -0.4145437983592182 0.9055732704840533 0.9126181595332372 0.414541837261046 0.842335707085987 0.3444207045579384 -1.216372967414615 -0.9055741682123608 0.34441834418314893 0.24761144976884428 2.6571837503274267
0.08994715685738718 -0.4145437983592182 0.9055732704840533 0.9528605889226587 0.414541837261046 0.842335707085987 0.3444207045579384 -1.2178857326301502 -0.9055741682123608 0.34441834418314893 0.24761144976884428 2.660488520033119
0.08994715685738718 -0.4145437983592182 0.9055732704840533 0.9931028655720051 0.414541837261046 0.842335707085987 0.3444207045579384 -1.2193984216474627 -0.9055741682123608 0.34441834418314893 0.24761144976884428 2.6637931232824528
0.08994715685738718 -0.4145437983592182 0.9055732704840533 1.0333451422213515 0.414541837261046 0.842335707085987 0.3444207045579384 -1.2209111106647752 -0.9055741682123608 0.34441834418314893 0.24761144976884428 2.667097726531787
0.08994715685738718 -0.4145437983592182 0.9055732704840533 1.0735875716107728 0.414541837261046 0.842335707085987 0.3444207045579384 -1.2224238758803105 -0.9055741682123608 0.34441834418314893 0.24761144976884428 2.670402496237479
0.08994715685738718 -0.4145437983592182 0.9055732704840533 1.1138298482601192 0.414541837261046 0.842335707085987 0.3444207045579384 -1.223936564897623 -0.9055741682123608 0.34441834418314893 0.24761144976884428 2.6737070994868124
0.08994715685738718 -0.4145437983592182 0.9055732704840533 1.1540721249094656 0.414541837261046 0.842335707085987 0.3444207045579384 -1.2254492539149355 -0.9055741682123608 0.34441834418314893 0.24761144976884428 2.6770117027361464
0.08994715685738718 -0.4145437983592182 0.9055732704840533 1.1943145236958466 0.414541837261046 0.842335707085987 0.3444207045579384 -1.2269619651375587 -0.9055741682123608 0.34441834418314893 0.24761144976884428 2.6803163544935966
0.08994715685738718 -0.4145437983592182 0.9055732704840533 1.234556754578196 0.414541837261046 0.842335707085987 0.3444207045579384 -1.2284746700486717 -0.9055741682123608 0.34441834418314893 0.24761144976884428 2.683620992462993
0.08994715685738718 -0.4145437983592182 0.9055732704840533 1.2747991533645768 0.414541837261046 0.842335707085987 0.3444207045579384 -1.229987381271295 -0.9055741682123608 0.34441834418314893 0.24761144976884428 2.6869256442204437
0.08994715685738718 -0.4145437983592182 0.9055732704840533 1.3150413842469262 0.414541837261046 0.842335707085987 0.3444207045579384 -1.231500086182408 -0.9055741682123608 0.34441834418314893 0.24761144976884428 2.69023028218984
0.08994715685738718 -0.4145437983592182 0.9055732704840533 1.3552837830333073 0.414541837261046 0.842335707085987 0.3444207045579384 -1.2330127974050313 -0.9055741682123608 0.34441834418314893 0.24761144976884428 2.69353493394729
0.08994715685738718 -0.4145437983592182 0.9055732704840533 1.3955260139156567 0.414541837261046 0.842335707085987 0.3444207045579384 -1.2345255023161443 -0.9055741682123608 0.34441834418314893 0.24761144976884428 2.6968395719166867
0.08994715685738718 -0.4145437983592182 0.9055732704840533 1.4357684127020374 0.414541837261046 0.842335707085987 0.3444207045579384 -1.2360382135387677 -0.9055741682123608 0.34441834418314893 0.24761144976884428 2.700144223674137
0.08994715685738718 -0.4145437983592182 0.9055732704840533 1.4760106435843867 0.414541837261046 0.842335707085987 0.3444207045579384 -1.2375509184498807 -0.9055741682123608 0.34441834418314893 0.24761144976884428 2.7034488616435333
0.08994715685738718 -0.4145437983592182 0.9055732704840533 1.5162530423707676 0.414541837261046 0.842335707085987 0.3444207045579384 -1.2390636296725042 -0.9055741682123608 0.34441834418314893 0.24761144976884428 2.706753513400984
0.08994715685738718 -0.4145437983592182 0.9055732704840533 1.556495273253117 0.414541837261046 0.842335707085987 0.3444207045579384 -1.2405763345836172 -0.9055741682123608 0.34441834418314893 0.24761144976884428 2.7100581513703803
0.09684790873215463 -0.41427435882202257 0.9049846618572108 1.596737672039498 0.414272399674766 0.8435312394825344 0.3418090503260122 -1.2420890458062404 -0.9049855586924684 0.3418066758266453 0.2533166692470501 2.71336280312783
0.11676655339147278 -0.4133837406178516 0.9030390107862835 1.6369799029218473 0.4133817710412442 0.8469820731110169 0.3342706675725053 -1.2436017507173533 -0.9030399123958368 0.33426823184585885 0.2697844802777996 2.716667441097227
0.148478980224712 -0.411617272064625 0.8991803010350627 1.6772223017082284 0.4116153983358522 0.852476179083277 0.32226872008991847 -1.2451144619399765 -0.8991811587684916 0.3222663268690246 0.29600280113894145 2.719972092854677
0.19067598718101308 -0.40859432957563846 0.8925767987972691 1.7174645325905777 0.4085925592440252 0.8597867055238863 0.30629877821303797 -1.2466271668510898 -0.8925776091987542 0.30629641663430635 0.3308892816547849 2.7232767308240735
0.24193125339026014 -0.4038660340829328 0.882247978261861 1.7577069313769587 0.4038643942626135 0.8686665539859485 0.2869006257104877 -1.248139878073713 -0.8822487289194074 0.2868983173535537 0.3732646994021663 2.7265813825815237
0.3006805814106079 -0.39696967077451983 0.8671829498137912 1.797949162259308 0.3969681552143293 0.8788447216498885 0.26466627849777596 -1.249652582984826 -0.8671836435890099 0.26466400532240786 0.42183585975873317 2.7298860205509206
0.36521348154093103 -0.38747907974709356 0.8464508701980863 1.8381915610456891 0.3874777212331354 0.8900248841095457 0.2402430461298856 -1.2511652942074494 -0.8464514920825225 0.24024085502706496 0.475188597429627 2.7331906723083703
0.43369041194469643 -0.37504964428912924 0.8192987189699721 1.8784337919280383 0.3750483974625583 0.9018883247810779 0.21432720122361465 -1.2526779991185624 -0.8192992897275125 0.21432501940319165 0.5318020871619583 2.736495310277767
0.5041814529268187 -0.3594558455144555 0.7852340782531602 1.9186761907144194 0.3594547502535677 0.9141007150921617 0.18764904792762396 -1.2541907103411858 -0.7852345796287549 0.18764694986459643 0.5900807378331937 2.7397999620352174
0.5747275207957626 -0.3406201253141482 0.7440874996066862 1.9589184215967688 0.34061921109187726 0.9263226451335019 0.1609500237589899 -1.2557034152522988 -0.7440879181085414 0.16094808897233362 0.6484048756610722 2.7431046000046138
0.6434192715357315 -0.31863026331159805 0.6960505702306481 1.9991608203831497 0.31862949377203326 0.9382233120550205 0.13495281551374005 -1.257216126474922 -0.6960509225013687 0.1349509985827799 0.7051959594797067 2.746409251762064
0.7084866092955238 -0.293743929557304 0.6416862382014793 2.039403051265499 0.29374329093681406 0.9494960580362412 0.1103273076044602 -1.2587288313860352 -0.6416865305416206 0.11032560728077866 0.7589905512584365 2.749713889731461
0.7683861775171807 -0.26638181581701187 0.5819135764033755 2.07964545005188 0.2663813179284495 0.9598735049661024 0.08765756055693198 -1.2602415426086582 -0.5819138043209131 0.08765604751596691 0.8085126725504311 2.7530185414889106
0.8218839315640052 -0.2371076820585146 0.517964043294254 2.1198876809342293 0.23710730238857577 0.9691418526202547 0.06741065682659593 -1.2617542475197714 -0.5179642170950673 0.06740932137782542 0.852742078943261 2.7563231794583074
0.8681169766234409 -0.20659993053847964 0.4513196024987964 2.16013007972061 0.2065996402876432 0.9771516067424016 0.04991318536979512 -1.2632669587423946 -0.45131973536639475 0.049911983954141544 0.8909653698806531 2.7596278312157576
0.9066327144514714 -0.17561618081743224 0.3836353452452677 2.2003723106029596 0.17561597428831704 0.983824358796762 0.035336392188584476 -1.2647796636535076 -0.3836354397877261 0.03533536575782445 0.9228083556544332 2.762932469185154
0.9373982021587167 -0.14495607791839474 0.3166580901605419 2.2406147093893405 0.14495594356033892 0.9891544004602519 0.023692751563535012 -1.266292374876131 -0.3166581516653842 0.023691929525385378 0.9482438016982904 2.766237120942604
0.9607811413376375 -0.11542385623173197 0.25214466455299717 2.28085694027169 0.11542377070317843 0.9932054340820556 0.014843142070856588 -1.267805079787244 -0.25214470370524755 0.014842476965520686 0.967575707255469 2.769541758912001
0.9774992973427744 -0.08779902595689444 0.19179795289679966 2.3210993390580708 0.08779898003638129 0.9961018115467256 0.008515875639217015 -1.2693177910098674 -0.191797973917749 0.008515402183811829 0.9813974857959921 2.772846410669451
0.9885480776832313 -0.06281172003413796 0.13721292189564824 2.36134156994042 0.06281169903013958 0.9980159841752635 0.004334258371098871 -1.2708304959209804 -0.13721293151060998 0.0043339539722232635 0.9905320935079446 2.7761510486388477
0.9951055060094216 -0.041131093005722694 0.08985135000592835 2.401583968726801 0.04113108444355872 0.9991520416065279 0.0018524702438091063 -1.2723432071436036 -0.08985135392541445 0.0018522801251285319 0.9959534644028847 2.779455700396298
0.9984235107332575 -0.02336268048684634 0.05103604976432149 2.4418261996091504 0.023362678116832215 0.9997268773204322 0.0005966861375800148 -1.2738559120547168 -0.05103605084923851 0.0005965933347099677 0.9986966334128232 2.7827603383656943
0.9997081060851593 -0.010056091222716489 0.02196765023720769 2.4820685983955313 0.010056090972879636 0.9999494301353985 0.00011048184039520826 -1.27536862327734 -0.02196765035157505 0.000110459097827465 0.9997586759497608 2.786064990123145
0.9999914779014168 -0.001718385979091108 0.003753834595039583 2.522310829277881 0.0017183860178107803 0.999998523568489 3.2149674851012105e-06 -1.276881328188453 -0.003753834577314949 3.2355967944590508e-06 0.9999929543329278 2.7893696280925413
0.9999960733830784 0.0011664279904940614 -0.0025480706756517775 2.562553228064262 -0.0011664280511210414 0.9999993197215002 1.4622801855112856e-06 -1.2783940394110762 0.0025480706478986192 1.509866668622013e-06 0.9999967536615775 2.792674279849991
0.9999960733830783 0.0011664279467680926 -0.002548070695668134 2.5589188143059567 -0.0011664280073951851 0.9999993197215512 1.4622800974420835e-06 -1.295144102247249 0.0025480706679149256 1.5098666686219358e-06 0.9999967536615264 2.8292649794636198
0.9999960733830783 0.0011664279031454942 -0.0025480707156371706 2.555284400547651 -0.001166427963772699 0.999999319721602 1.4622800095810805e-06 -1.3118941650834215 0.002548070687883912 1.5098666686218591e-06 0.9999967536614756 2.8658556790772485
0.9999960733830784 0.0011664278594195254 -0.0025480707356535267 2.5516499867893456 -0.001166427920046843 0.9999993197216531 1.4622799215118737e-06 -1.328644227919594 0.0025480707079002175 1.5098666686217823e-06 0.9999967536614246 2.902446378690877
0.9999960733830783 0.0011664278156935561 -0.002548070755669883 2.5480155730310403 -0.0011664278763209863 0.9999993197217041 1.4622798334426657e-06 -1.3453942907557668 0.0025480707279165234 1.509866668621705e-06 0.9999967536613735 2.939037078304505
0.9999960733830784 0.001166427771967587 -0.002548070775686239 2.544381159272735 -0.0011664278325951298 0.9999993197217552 1.4622797453734552e-06 -1.3621443535919393 0.0025480707479328293 1.509866668621628e-06 0.9999967536613226 2.9756277779181337
0.9999960733830783 0.001166427728344989 -0.0025480707956552764 2.5407467455144297 -0.0011664277889726442 0.999999319721806 1.4622796575124466e-06 -1.3788944164281118 0.0025480707679018163 1.5098666686215512e-06 0.9999967536612716 3.0122184775317624
0.9999960733830783 0.0011664276846190197 -0.0025480708156716313 2.5371123317561244 -0.0011664277452467877 0.999999319721857 1.4622795694432323e-06 -1.3956444792642846 0.0025480707879181213 1.5098666686214742e-06 0.9999967536612206 3.048809177145391
0.9999960733830784 0.0011664276408930505 -0.0025480708356879884 2.533477917997819 -0.0011664277015209312 0.999999319721908 1.462279481374017e-06 -1.4123945421004571 0.0025480708079344276 1.5098666686213973e-06 0.9999967536611697 3.0853998767590194
0.9999960733830783 0.0011664275971670812 -0.0025480708557043446 2.529843496657535 -0.0011664276577950745 0.999999319721959 1.4622793933047996e-06 -1.4291446398799859 0.0025480708279507335 1.5098666686213202e-06 0.9999967536611186 3.1219906527068
0.9999960733830783 0.0011664275535444835 -0.002548070875673381 2.5262090904812085 -0.0011664276141725891 0.9999993197220098 1.462279305443784e-06 -1.4458946677728024 0.00254807084791972 1.5098666686212433e-06 0.9999967536610678 3.1585812759862764
0.9999960733830784 0.0011664275098185138 -0.0025480708956897376 2.5225746691409245 -0.0011664275704467324 0.9999993197220609 1.4622792173745625e-06 -1.462644765552331 0.002548070867936026 1.5098666686211665e-06 0.9999967536610168 3.1951720519340574
0.9999960733830783 0.001166427466092545 -0.002548070915706094 2.518940262964598 -0.0011664275267208762 0.9999993197221119 1.4622791293053407e-06 -1.4793947934451475 0.002548070887952332 1.5098666686210894e-06 0.9999967536609657 3.2317626752135338
0.9999960733830784 0.0011664274223665758 -0.0025480709357224495 2.515305841624314 -0.0011664274829950197 0.9999993197221629 1.4622790412361166e-06 -1.4961448912246764 0.0025480709079686373 1.5098666686210123e-06 0.9999967536609148 3.2683534511613144
0.9999960733830783 0.0011664273787439776 -0.0025480709556914864 2.5116714354479868 -0.0011664274393725338 0.9999993197222138 1.462278953375093e-06 -1.5128949191174927 0.0025480709279376242 1.5098666686209354e-06 0.9999967536608638 3.3049440744407903
0.9999960733830783 0.0011664273350180086 -0.0025480709757078426 2.5080370141077033 -0.0011664273956466776 0.9999993197222647 1.4622788653058658e-06 -1.5296450168970215 0.00254807094795393 1.5098666686208586e-06 0.9999967536608129 3.3415348503885713
0.9999960733830784 0.0011664272912920396 -0.002548070995724199 2.504402607931376 -0.001166427351920821 0.9999993197223158 1.4622787772366364e-06 -1.546395044789838 0.002548070967970236 1.5098666686207815e-06 0.9999967536607619 3.3781254736680477
0.9999960733830783 0.0011664272476694414 -0.002548071015693235 2.5007681865910927 -0.0011664273082983353 0.9999993197223667 1.462278689375607e-06 -1.5631451425693668 0.002548070987939222 1.5098666686207046e-06 0.999996753660711 3.4147162496158288
0.9999960733830783 0.0011664272039434722 -0.0025480710357095914 2.4971337728327874 -0.001166427264572479 0.9999993197224176 1.4622786013063747e-06 -1.5798952054055393 0.002548071007955528 1.5098666686206278e-06 0.99999675366066 3.451306949229457
0.9999960733830784 0.001166427160217503 -0.0025480710557259484 2.493499359074482 -0.0011664272208466223 0.9999993197224687 1.4622785132371398e-06 -1.5966452682417118 0.0025480710279718343 1.5098666686205507e-06 0.999996753660609 3.4878976488430853
0.9999960733830783 0.0011664271164915335 -0.002548071075742304 2.4898649453161767 -0.0011664271771207656 0.9999993197225197 1.4622784251679037e-06 -1.6133953310778846 0.00254807104798814 1.5098666686204736e-06 0.999996753660558 3.524488348456714
0.9999960733830783 0.0011664270728689355 -0.0025480710957113397 2.486230531557871 -0.0011664271334982802 0.9999993197225705 1.4622783373068672e-06 -1.630145393914057 0.002548071067957126 1.509866668620397e-06 0.9999967536605071 3.5610790480703427
0.9999960733830783 0.0011664270291429665 -0.002548071115727697 2.4825961177995657 -0.0011664270897724237 0.9999993197226216 1.4622782492376276e-06 -1.6468954567502296 0.002548071087973432 1.5098666686203199e-06 0.999996753660456 3.5976697476839714
0.9999960733830783 0.0011664269854169975 -0.002548071135744053 2.4789617040412604 -0.0011664270460465672 0.9999993197226725 1.4622781611683864e-06 -1.6636455195864022 0.002548071107989738 1.5098666686202428e-06 0.9999967536604051 3.6342604472975997
0.9999960733830784 0.0011664269416910282 -0.0025480711557604096 2.475327290282955 -0.001166427002320711 0.9999993197227236 1.4622780730991432e-06 -1.680395582422575 0.002548071128006044 1.509866668620166e-06 0.9999967536603541 3.670851146911228
0.9999960733830783 0.0011664268980684303 -0.0025480711757294456 2.4716928765246498 -0.0011664269586982253 0.9999993197227744 1.4622779852381002e-06 -1.6971456452587474 0.00254807114797503 1.5098666686200888e-06 0.9999967536603032 3.7074418465248566
0.9999960733830783 0.001166426854342461 -0.0025480711957458022 2.4680584627663444 -0.0011664269149723686 0.9999993197228254 1.4622778971688538e-06 -1.71389570809492 0.0025480711679913364 1.509866668620012e-06 0.9999967536602522 3.7440325461384854
