{
   "origin_transformation_mtx": [
      [
         -4.3711390001862406e-08,
         0.9999999999999989,
         -1.1414932998832228e-08,
         0.13934613633457496
      ],
      [
         -0.41623054593951925,
         -7.814883882997086e-09,
         0.9092591119295367,
         -0.6633673277393838
      ],
      [
         0.9092591119295357,
         4.4496223448266014e-08,
         0.41623054593951914,
         -1.7615350909403515
      ],
      [
         0.0,
         0.0,
         0.0,
         1.0
      ]
   ],
   "Camera": [
      [
         [
            -4.371138828673793e-08,
            -0.41623061895370483,
            0.9092592597007751,
            1.3255780935287476
         ],
         [
            1.0,
            -7.814884739332228e-09,
            4.4496225370949105e-08,
            -0.13934606313705444
         ],
         [
            -1.1414932998832228e-08,
            0.9092592597007751,
            0.41623061895370483,
            1.336377501487732
         ],
         [
            0.0,
            0.0,
            0.0,
            1.0
         ]
      ],
      [
         [
            0.042156487703323364,
            -0.4158605933189392,
            0.9084509015083313,
            1.3240503072738647
         ],
         [
            0.999110996723175,
            0.01754683256149292,
            -0.03833117336034775,
            -0.21179518103599548
         ],
         [
            -1.1414932998832228e-08,
            0.9092592597007751,
            0.41623061895370483,
            1.336377501487732
         ],
         [
            0.0,
            0.0,
            0.0,
            1.0
         ]
      ],
      [
         [
            0.08423806726932526,
            -0.41475120186805725,
            0.9060274362564087,
            1.319469690322876
         ],
         [
            0.9964456558227539,
            0.03506247326731682,
            -0.07659424096345901,
            -0.2841154634952545
         ],
         [
            -1.1414932998832228e-08,
            0.9092592597007751,
            0.41623061895370483,
            1.336377501487732
         ],
         [
            0.0,
            0.0,
            0.0,
            1.0
         ]
      ],
      [
         [
            0.12616987526416779,
            -0.4129043519496918,
            0.9019930362701416,
            1.3118443489074707
         ],
         [
            0.992008626461029,
            0.052515774965286255,
            -0.11472112685441971,
            -0.3561783730983734
         ],
         [
            -1.1414932998832228e-08,
            0.9092592597007751,
            0.41623061895370483,
            1.336377501487732
         ],
         [
            0.0,
            0.0,
            0.0,
            1.0
         ]
      ],
      [
         [
            0.16787736117839813,
            -0.41032344102859497,
            0.8963549733161926,
            1.3011878728866577
         ],
         [
            0.9858078956604004,
            0.06987570971250534,
            -0.15264403820037842,
            -0.4278557598590851
         ],
         [
            -1.1414932998832228e-08,
            0.9092592597007751,
            0.41623061895370483,
            1.336377501487732
         ],
         [
            0.0,
            0.0,
            0.0,
            1.0
         ]
      ],
      [
         [
            0.2092863768339157,
            -0.407012939453125,
            0.8891231417655945,
            1.2875192165374756
         ],
         [
            0.9778543710708618,
            0.08711140602827072,
            -0.19029557704925537,
            -0.49902018904685974
         ],
         [
            -1.1414932998832228e-08,
            0.9092592597007751,
            0.41623061895370483,
            1.336377501487732
         ],
         [
            0.0,
            0.0,
            0.0,
            1.0
         ]
      ],
      [
         [
            0.25032326579093933,
            -0.402978777885437,
            0.8803105354309082,
            1.2708626985549927
         ],
         [
            0.9681622982025146,
            0.10419221222400665,
            -0.22760872542858124,
            -0.5695450901985168
         ],
         [
            -1.1414932998832228e-08,
            0.9092592597007751,
            0.41623061895370483,
            1.336377501487732
         ],
         [
            0.0,
            0.0,
            0.0,
            1.0
         ]
      ],
      [
         [
            0.2909151017665863,
            -0.39822816848754883,
            0.8699327707290649,
            1.251247763633728
         ],
         [
            0.9567488431930542,
            0.12108777463436127,
            -0.26451724767684937,
            -0.6393051147460938
         ],
         [
            -1.1414932998832228e-08,
            0.9092592597007751,
            0.41623061895370483,
            1.336377501487732
         ],
         [
            0.0,
            0.0,
            0.0,
            1.0
         ]
      ],
      [
         [
            0.3309897184371948,
            -0.3927695155143738,
            0.8580082654953003,
            1.2287095785140991
         ],
         [
            0.9436343312263489,
            0.13776807487010956,
            -0.30095547437667847,
            -0.70817631483078
         ],
         [
            -1.1414932998832228e-08,
            0.9092592597007751,
            0.41623061895370483,
            1.336377501487732
         ],
         [
            0.0,
            0.0,
            0.0,
            1.0
         ]
      ],
      [
         [
            0.37047579884529114,
            -0.38661253452301025,
            0.8445582985877991,
            1.2032880783081055
         ],
         [
            0.9288421273231506,
            0.1542033851146698,
            -0.3368585407733917,
            -0.7760360836982727
         ],
         [
            -1.1414932998832228e-08,
            0.9092592597007751,
            0.41623061895370483,
            1.336377501487732
         ],
         [
            0.0,
            0.0,
            0.0,
            1.0
         ]
      ],
      [
         [
            0.4093032479286194,
            -0.37976816296577454,
            0.8296067118644714,
            1.1750283241271973
         ],
         [
            0.9123983979225159,
            0.17036455869674683,
            -0.37216275930404663,
            -0.8427639007568359
         ],
         [
            -1.1414932998832228e-08,
            0.9092592597007751,
            0.41623061895370483,
            1.336377501487732
         ],
         [
            0.0,
            0.0,
            0.0,
            1.0
         ]
      ],
      [
         [
            0.4474029541015625,
            -0.3722485601902008,
            0.8131800889968872,
            1.143980622291565
         ],
         [
            0.8943324685096741,
            0.18622282147407532,
            -0.40680527687072754,
            -0.9082410335540771
         ],
         [
            -1.1414932998832228e-08,
            0.9092592597007751,
            0.41623061895370483,
            1.336377501487732
         ],
         [
            0.0,
            0.0,
            0.0,
            1.0
         ]
      ],
      [
         [
            0.48470714688301086,
            -0.3640671372413635,
            0.7953076958656311,
            1.1102004051208496
         ],
         [
            0.8746764659881592,
            0.20174996554851532,
            -0.4407244622707367,
            -0.97235107421875
         ],
         [
            -1.1414932998832228e-08,
            0.9092592597007751,
            0.41623061895370483,
            1.336377501487732
         ],
         [
            0.0,
            0.0,
            0.0,
            1.0
         ]
      ],
      [
         [
            0.5211495757102966,
            -0.3552384078502655,
            0.7760212421417236,
            1.0737473964691162
         ],
         [
            0.8534653186798096,
            0.2169184386730194,
            -0.47386011481285095,
            -1.034980058670044
         ],
         [
            -1.1414932998832228e-08,
            0.9092592597007751,
            0.41623061895370483,
            1.336377501487732
         ],
         [
            0.0,
            0.0,
            0.0,
            1.0
         ]
      ],
      [
         [
            0.5566654205322266,
            -0.34577807784080505,
            0.7553550601005554,
            1.0346866846084595
         ],
         [
            0.8307367563247681,
            0.23170121014118195,
            -0.5061531662940979,
            -1.0960166454315186
         ],
         [
            -1.1414932998832228e-08,
            0.9092592597007751,
            0.41623061895370483,
            1.336377501487732
         ],
         [
            0.0,
            0.0,
            0.0,
            1.0
         ]
      ],
      [
         [
            0.5911915302276611,
            -0.3357029855251312,
            0.7333459258079529,
            0.993087649345398
         ],
         [
            0.8065311908721924,
            0.24607203900814056,
            -0.5375463962554932,
            -1.1553523540496826
         ],
         [
            -1.1414932998832228e-08,
            0.9092592597007751,
            0.41623061895370483,
            1.336377501487732
         ],
         [
            0.0,
            0.0,
            0.0,
            1.0
         ]
      ],
      [
         [
            0.6246665120124817,
            -0.32503098249435425,
            0.7100329399108887,
            0.9490242004394531
         ],
         [
            0.7808915972709656,
            0.2600053548812866,
            -0.5679838061332703,
            -1.2128815650939941
         ],
         [
            -1.1414932998832228e-08,
            0.9092592597007751,
            0.41623061895370483,
            1.336377501487732
         ],
         [
            0.0,
            0.0,
            0.0,
            1.0
         ]
      ],
      [
         [
            0.6570308804512024,
            -0.31378111243247986,
            0.6854574084281921,
            0.9025745391845703
         ],
         [
            0.7538635730743408,
            0.27347639203071594,
            -0.5974113941192627,
            -1.2685022354125977
         ],
         [
            -1.1414932998832228e-08,
            0.9092592597007751,
            0.41623061895370483,
            1.336377501487732
         ],
         [
            0.0,
            0.0,
            0.0,
            1.0
         ]
      ],
      [
         [
            0.6882270574569702,
            -0.3019733726978302,
            0.6596634387969971,
            0.8538216352462769
         ],
         [
            0.7254953980445862,
            0.28646120429039,
            -0.6257768273353577,
            -1.322115182876587
         ],
         [
            -1.1414932998832228e-08,
            0.9092592597007751,
            0.41623061895370483,
            1.336377501487732
         ],
         [
            0.0,
            0.0,
            0.0,
            1.0
         ]
      ],
      [
         [
            0.718199610710144,
            -0.28962868452072144,
            0.6326963901519775,
            0.802851676940918
         ],
         [
            0.695837140083313,
            0.2989366948604584,
            -0.6530296206474304,
            -1.3736250400543213
         ],
         [
            -1.1414932998832228e-08,
            0.9092592597007751,
            0.41623061895370483,
            1.336377501487732
         ],
         [
            0.0,
            0.0,
            0.0,
            1.0
         ]
      ],
      [
         [
            0.7468953132629395,
            -0.27676907181739807,
            0.6046044230461121,
            0.7497556209564209
         ],
         [
            0.6649417281150818,
            0.3108806908130646,
            -0.6791214942932129,
            -1.4229406118392944
         ],
         [
            -1.1414932998832228e-08,
            0.9092592597007751,
            0.41623061895370483,
            1.336377501487732
         ],
         [
            0.0,
            0.0,
            0.0,
            1.0
         ]
      ],
      [
         [
            0.7742629647254944,
            -0.2634173631668091,
            0.5754374861717224,
            0.6946277618408203
         ],
         [
            0.6328640580177307,
            0.3222719430923462,
            -0.704005777835846,
            -1.4699739217758179
         ],
         [
            -1.1414932998832228e-08,
            0.9092592597007751,
            0.41623061895370483,
            1.336377501487732
         ],
         [
            0.0,
            0.0,
            0.0,
            1.0
         ]
      ],
      [
         [
            0.8002539873123169,
            -0.24959734082221985,
            0.5452475547790527,
            0.637566328048706
         ],
         [
            0.5996612310409546,
            0.333090215921402,
            -0.7276383638381958,
            -1.5146414041519165
         ],
         [
            -1.1414932998832228e-08,
            0.9092592597007751,
            0.41623061895370483,
            1.336377501487732
         ],
         [
            0.0,
            0.0,
            0.0,
            1.0
         ]
      ],
      [
         [
            0.824822187423706,
            -0.23533354699611664,
            0.5140881538391113,
            0.5786725282669067
         ],
         [
            0.565392255783081,
            0.3433162569999695,
            -0.7499772310256958,
            -1.5568636655807495
         ],
         [
            -1.1414932998832228e-08,
            0.9092592597007751,
            0.41623061895370483,
            1.336377501487732
         ],
         [
            0.0,
            0.0,
            0.0,
            1.0
         ]
      ],
      [
         [
            0.8479239344596863,
            -0.220651313662529,
            0.48201465606689453,
            0.5180511474609375
         ],
         [
            0.5301179885864258,
            0.3529319167137146,
            -0.7709826827049255,
            -1.5965657234191895
         ],
         [
            -1.1414932998832228e-08,
            0.9092592597007751,
            0.41623061895370483,
            1.336377501487732
         ],
         [
            0.0,
            0.0,
            0.0,
            1.0
         ]
      ],
      [
         [
            0.8695180416107178,
            -0.2055767923593521,
            0.44908422231674194,
            0.45580995082855225
         ],
         [
            0.49390119314193726,
            0.361920028924942,
            -0.7906173467636108,
            -1.6336768865585327
         ],
         [
            -1.1414932998832228e-08,
            0.9092592597007751,
            0.41623061895370483,
            1.336377501487732
         ],
         [
            0.0,
            0.0,
            0.0,
            1.0
         ]
      ],
      [
         [
            0.8895662426948547,
            -0.19013670086860657,
            0.41535526514053345,
            0.39205944538116455
         ],
         [
            0.4568061828613281,
            0.3702647089958191,
            -0.8088463544845581,
            -1.6681311130523682
         ],
         [
            -1.1414932998832228e-08,
            0.9092592597007751,
            0.41623061895370483,
            1.336377501487732
         ],
         [
            0.0,
            0.0,
            0.0,
            1.0
         ]
      ],
      [
         [
            0.9080328345298767,
            -0.17435859143733978,
            0.38088783621788025,
            0.32691317796707153
         ],
         [
            0.4188990294933319,
            0.377951055765152,
            -0.8256372809410095,
            -1.6998673677444458
         ],
         [
            -1.1414932998832228e-08,
            0.9092592597007751,
            0.41623061895370483,
            1.336377501487732
         ],
         [
            0.0,
            0.0,
            0.0,
            1.0
         ]
      ],
      [
         [
            0.9248849153518677,
            -0.15827049314975739,
            0.34574323892593384,
            0.26048707962036133
         ],
         [
            0.3802471458911896,
            0.3849654197692871,
            -0.8409601449966431,
            -1.7288289070129395
         ],
         [
            -1.1414932998832228e-08,
            0.9092592597007751,
            0.41623061895370483,
            1.336377501487732
         ],
         [
            0.0,
            0.0,
            0.0,
            1.0
         ]
      ],
      [
         [
            0.9400926232337952,
            -0.14190100133419037,
            0.3099839687347412,
            0.1928991675376892
         ],
         [
            0.34091922640800476,
            0.39129534363746643,
            -0.8547879457473755,
            -1.7549644708633423
         ],
         [
            -1.1414932998832228e-08,
            0.9092592597007751,
            0.41623061895370483,
            1.336377501487732
         ],
         [
            0.0,
            0.0,
            0.0,
            1.0
         ]
      ],
      [
         [
            0.9536288380622864,
            -0.12527920305728912,
            0.27367347478866577,
            0.12426936626434326
         ],
         [
            0.30098506808280945,
            0.396929532289505,
            -0.8670958280563354,
            -1.77822744846344
         ],
         [
            -1.1414932998832228e-08,
            0.9092592597007751,
            0.41623061895370483,
            1.336377501487732
         ],
         [
            0.0,
            0.0,
            0.0,
            1.0
         ]
      ],
      [
         [
            0.9654695987701416,
            -0.10843466222286224,
            0.2368764579296112,
            0.054720014333724976
         ],
         [
            0.26051583886146545,
            0.40185800194740295,
            -0.8778621554374695,
            -1.7985767126083374
         ],
         [
            -1.1414932998832228e-08,
            0.9092592597007751,
            0.41623061895370483,
            1.336377501487732
         ],
         [
            0.0,
            0.0,
            0.0,
            1.0
         ]
      ],
      [
         [
            0.9755937457084656,
            -0.09139730781316757,
            0.19965821504592896,
            -0.015625476837158203
         ],
         [
            0.21958336234092712,
            0.4060719907283783,
            -0.8870676755905151,
            -1.8159757852554321
         ],
         [
            -1.1414932998832228e-08,
            0.9092592597007751,
            0.41623061895370483,
            1.336377501487732
         ],
         [
            0.0,
            0.0,
            0.0,
            1.0
         ]
      ],
      [
         [
            0.9839833378791809,
            -0.07419749349355698,
            0.16208507120609283,
            -0.08664175868034363
         ],
         [
            0.17826056480407715,
            0.40956398844718933,
            -0.8946959376335144,
            -1.83039391040802
         ],
         [
            -1.1414932998832228e-08,
            0.9092592597007751,
            0.41623061895370483,
            1.336377501487732
         ],
         [
            0.0,
            0.0,
            0.0,
            1.0
         ]
      ],
      [
         [
            0.990623414516449,
            -0.05686570703983307,
            0.12422364205121994,
            -0.15820293128490448
         ],
         [
            0.13662070035934448,
            0.4123277962207794,
            -0.9007335305213928,
            -1.841805338859558
         ],
         [
            -1.1414932998832228e-08,
            0.9092592597007751,
            0.41623061895370483,
            1.336377501487732
         ],
         [
            0.0,
            0.0,
            0.0,
            1.0
         ]
      ],
      [
         [
            0.995502233505249,
            -0.039432816207408905,
            0.08614134788513184,
            -0.23018155992031097
         ],
         [
            0.0947379320859909,
            0.4143584966659546,
            -0.9051696062088013,
            -1.8501899242401123
         ],
         [
            -1.1414932998832228e-08,
            0.9092592597007751,
            0.41623061895370483,
            1.336377501487732
         ],
         [
            0.0,
            0.0,
            0.0,
            1.0
         ]
      ],
      [
         [
            0.9986110925674438,
            -0.021929915994405746,
            0.04790611192584038,
            -0.30244922637939453
         ],
         [
            0.052686963230371475,
            0.4156525135040283,
            -0.9079963564872742,
            -1.8555327653884888
         ],
         [
            -1.1414932998832228e-08,
            0.9092592597007751,
            0.41623061895370483,
            1.336377501487732
         ],
         [
            0.0,
            0.0,
            0.0,
            1.0
         ]
      ],
      [
         [
            0.9999444484710693,
            -0.004387925378978252,
            0.009585486724972725,
            -0.3748783469200134
         ],
         [
            0.01054207794368267,
            0.416207492351532,
            -0.9092087745666504,
            -1.8578242063522339
         ],
         [
            -1.1414932998832228e-08,
            0.9092592597007751,
            0.41623061895370483,
            1.336377501487732
         ],
         [
            0.0,
            0.0,
            0.0,
            1.0
         ]
      ],
      [
         [
            0.9994999170303345,
            0.013161866925656796,
            -0.028752179816365242,
            -0.44733962416648865
         ],
         [
            -0.0316215455532074,
            0.41602247953414917,
            -0.9088045358657837,
            -1.8570603132247925
         ],
         [
            -1.1414932998832228e-08,
            0.9092592597007751,
            0.41623061895370483,
            1.336377501487732
         ],
         [
            0.0,
            0.0,
            0.0,
            1.0
         ]
      ],
      [
         [
            0.9972783327102661,
            0.03068820759654045,
            -0.06703861802816391,
            -0.5197041034698486
         ],
         [
            -0.07372882962226868,
            0.41509777307510376,
            -0.9067845344543457,
            -1.85324227809906
         ],
         [
            -1.1414932998832228e-08,
            0.9092592597007751,
            0.41623061895370483,
            1.336377501487732
         ],
         [
            0.0,
            0.0,
            0.0,
            1.0
         ]
      ],
      [
         [
            0.9932835698127747,
            0.04816003516316414,
            -0.1052059754729271,
            -0.5918434858322144
         ],
         [
            -0.11570514738559723,
            0.41343504190444946,
            -0.9031522870063782,
            -1.8463770151138306
         ],
         [
            -1.1414932998832228e-08,
            0.9092592597007751,
            0.41623061895370483,
            1.336377501487732
         ],
         [
            0.0,
            0.0,
            0.0,
            1.0
         ]
      ],
      [
         [
            0.9875229001045227,
            0.06554614007472992,
            -0.1431860625743866,
            -0.6636289358139038
         ],
         [
            -0.1574755162000656,
            0.41103726625442505,
            -0.8979143500328064,
            -1.8364769220352173
         ],
         [
            -1.1414932998832228e-08,
            0.9092592597007751,
            0.41623061895370483,
            1.336377501487732
         ],
         [
            0.0,
            0.0,
            0.0,
            1.0
         ]
      ],
      [
         [
            0.9800063371658325,
            0.08281584829092026,
            -0.18091188371181488,
            -0.7349338531494141
         ],
         [
            -0.19896623492240906,
            0.4079086482524872,
            -0.891079843044281,
            -1.8235591650009155
         ],
         [
            -1.1414932998832228e-08,
            0.9092592597007751,
            0.41623061895370483,
            1.336377501487732
         ],
         [
            0.0,
            0.0,
            0.0,
            1.0
         ]
      ],
      [
         [
            0.9707474112510681,
            0.09993822127580643,
            -0.21831585466861725,
            -0.8056303262710571
         ],
         [
            -0.24010297656059265,
            0.40405479073524475,
            -0.8826610445976257,
            -1.8076469898223877
         ],
         [
            -1.1414932998832228e-08,
            0.9092592597007751,
            0.41623061895370483,
            1.336377501487732
         ],
         [
            0.0,
            0.0,
            0.0,
            1.0
         ]
      ],
      [
         [
            0.9597625136375427,
            0.11688295006752014,
            -0.25533178448677063,
            -0.8755934238433838
         ],
         [
            -0.28081294894218445,
            0.3994825482368469,
            -0.872672975063324,
            -1.7887686491012573
         ],
         [
            -1.1414932998832228e-08,
            0.9092592597007751,
            0.41623061895370483,
            1.336377501487732
         ],
         [
            0.0,
            0.0,
            0.0,
            1.0
         ]
      ],
      [
         [
            0.9470711946487427,
            0.13361983001232147,
            -0.2918936014175415,
            -0.9446982145309448
         ],
         [
            -0.32102352380752563,
            0.39420002698898315,
            -0.8611332774162292,
            -1.7669576406478882
         ],
         [
            -1.1414932998832228e-08,
            0.9092592597007751,
            0.41623061895370483,
            1.336377501487732
         ],
         [
            0.0,
            0.0,
            0.0,
            1.0
         ]
      ],
      [
         [
            0.9326960444450378,
            0.1501191258430481,
            -0.32793647050857544,
            -1.012822151184082
         ],
         [
            -0.3606633245944977,
            0.38821664452552795,
            -0.8480625152587891,
            -1.7422528266906738
         ],
         [
            -1.1414932998832228e-08,
            0.9092592597007751,
            0.41623061895370483,
            1.336377501487732
         ],
         [
            0.0,
            0.0,
            0.0,
            1.0
         ]
      ],
      [
         [
            0.9166625738143921,
            0.1663515716791153,
            -0.3633963465690613,
            -1.0798442363739014
         ],
         [
            -0.39966198801994324,
            0.38154304027557373,
            -0.8334839344024658,
            -1.7146981954574585
         ],
         [
            -1.1414932998832228e-08,
            0.9092592597007751,
            0.41623061895370483,
            1.336377501487732
         ],
         [
            0.0,
            0.0,
            0.0,
            1.0
         ]
      ],
      [
         [
            0.8989993333816528,
            0.18228819966316223,
            -0.3982100486755371,
            -1.1456449031829834
         ],
         [
            -0.4379499554634094,
            0.3741910457611084,
            -0.8174234628677368,
            -1.684342622756958
         ],
         [
            -1.1414932998832228e-08,
            0.9092592597007751,
            0.41623061895370483,
            1.336377501487732
         ],
         [
            0.0,
            0.0,
            0.0,
            1.0
         ]
      ],
      [
         [
            0.8797376751899719,
            0.19790077209472656,
            -0.432315856218338,
            -1.210107684135437
         ],
         [
            -0.47545939683914185,
            0.36617374420166016,
            -0.7999096512794495,
            -1.6512399911880493
         ],
         [
            -1.1414932998832228e-08,
            0.9092592597007751,
            0.41623061895370483,
            1.336377501487732
         ],
         [
            0.0,
            0.0,
            0.0,
            1.0
         ]
      ],
      [
         [
            0.85891193151474,
            0.2131613940000534,
            -0.46565282344818115,
            -1.273117184638977
         ],
         [
            -0.5121232271194458,
            0.3575054407119751,
            -0.7809736132621765,
            -1.6154494285583496
         ],
         [
            -1.1414932998832228e-08,
            0.9092592597007751,
            0.41623061895370483,
            1.336377501487732
         ],
         [
            0.0,
            0.0,
            0.0,
            1.0
         ]
      ],
      [
         [
            0.8365588784217834,
            0.22804318368434906,
            -0.4981622099876404,
            -1.3345625400543213
         ],
         [
            -0.5478769540786743,
            0.3482014238834381,
            -0.7606489062309265,
            -1.5770341157913208
         ],
         [
            -1.1414932998832228e-08,
            0.9092592597007751,
            0.41623061895370483,
            1.336377501487732
         ],
         [
            0.0,
            0.0,
            0.0,
            1.0
         ]
      ],
      [
         [
            0.8127186894416809,
            0.24251937866210938,
            -0.5297855734825134,
            -1.3943333625793457
         ],
         [
            -0.58265620470047,
            0.3382784128189087,
            -0.738972008228302,
            -1.5360629558563232
         ],
         [
            -1.1414932998832228e-08,
            0.9092592597007751,
            0.41623061895370483,
            1.336377501487732
         ],
         [
            0.0,
            0.0,
            0.0,
            1.0
         ]
      ],
      [
         [
            0.7874335646629333,
            0.25656434893608093,
            -0.5604669451713562,
            -1.45232355594635
         ],
         [
            -0.6163994669914246,
            0.3277539610862732,
            -0.7159812450408936,
            -1.492608666419983
         ],
         [
            -1.1414932998832228e-08,
            0.9092592597007751,
            0.41623061895370483,
            1.336377501487732
         ],
         [
            0.0,
            0.0,
            0.0,
            1.0
         ]
      ],
      [
         [
            0.7607480883598328,
            0.27015334367752075,
            -0.5901521444320679,
            -1.508431077003479
         ],
         [
            -0.6490471959114075,
            0.31664663553237915,
            -0.691717267036438,
            -1.4467476606369019
         ],
         [
            -1.1414932998832228e-08,
            0.9092592597007751,
            0.41623061895370483,
            1.336377501487732
         ],
         [
            0.0,
            0.0,
            0.0,
            1.0
         ]
      ],
      [
         [
            0.7327103018760681,
            0.28326186537742615,
            -0.6187878847122192,
            -1.562554955482483
         ],
         [
            -0.6805406212806702,
            0.3049764633178711,
            -0.6662237048149109,
            -1.3985626697540283
         ],
         [
            -1.1414932998832228e-08,
            0.9092592597007751,
            0.41623061895370483,
            1.336377501487732
         ],
         [
            0.0,
            0.0,
            0.0,
            1.0
         ]
      ],
      [
         [
            0.7033697366714478,
            0.29586681723594666,
            -0.6463235020637512,
            -1.6145994663238525
         ],
         [
            -0.710824191570282,
            0.29276400804519653,
            -0.6395454406738281,
            -1.3481385707855225
         ],
         [
            -1.1414932998832228e-08,
            0.9092592597007751,
            0.41623061895370483,
            1.336377501487732
         ],
         [
            0.0,
            0.0,
            0.0,
            1.0
         ]
      ],
      [
         [
            0.6727784872055054,
            0.30794572830200195,
            -0.6727099418640137,
            -1.6644721031188965
         ],
         [
            -0.739844024181366,
            0.2800309956073761,
            -0.6117300987243652,
            -1.2955653667449951
         ],
         [
            -1.1414932998832228e-08,
            0.9092592597007751,
            0.41623061895370483,
            1.336377501487732
         ],
         [
            0.0,
            0.0,
            0.0,
            1.0
         ]
      ],
      [
         [
            0.6409913301467896,
            0.31947705149650574,
            -0.6979002952575684,
            -1.7120836973190308
         ],
         [
            -0.7675482034683228,
            0.266800194978714,
            -0.5828273296356201,
            -1.2409367561340332
         ],
         [
            -1.1414932998832228e-08,
            0.9092592597007751,
            0.41623061895370483,
            1.336377501487732
         ],
         [
            0.0,
            0.0,
            0.0,
            1.0
         ]
      ],
      [
         [
            0.6080642342567444,
            0.3304404318332672,
            -0.7218498587608337,
            -1.7573503255844116
         ],
         [
            -0.7938878536224365,
            0.25309494137763977,
            -0.552888035774231,
            -1.1843490600585938
         ],
         [
            -1.1414932998832228e-08,
            0.9092592597007751,
            0.41623061895370483,
            1.336377501487732
         ],
         [
            0.0,
            0.0,
            0.0,
            1.0
         ]
      ],
      [
         [
            0.574056088924408,
            0.34081628918647766,
            -0.7445160150527954,
            -1.8001912832260132
         ],
         [
            -0.8188160061836243,
            0.23893970251083374,
            -0.5219658017158508,
            -1.125903606414795
         ],
         [
            -1.1414932998832228e-08,
            0.9092592597007751,
            0.41623061895370483,
            1.336377501487732
         ],
         [
            0.0,
            0.0,
            0.0,
            1.0
         ]
      ],
      [
         [
            0.5390272736549377,
            0.3505862057209015,
            -0.76585853099823,
            -1.840530276298523
         ],
         [
            -0.8422883749008179,
            0.2243596315383911,
            -0.49011552333831787,
            -1.0657039880752563
         ],
         [
            -1.1414932998832228e-08,
            0.9092592597007751,
            0.41623061895370483,
            1.336377501487732
         ],
         [
            0.0,
            0.0,
            0.0,
            1.0
         ]
      ],
      [
         [
            0.5030402541160583,
            0.3597327172756195,
            -0.7858391404151917,
            -1.8782953023910522
         ],
         [
            -0.8642629981040955,
            0.20938073098659515,
            -0.45739397406578064,
            -1.0038577318191528
         ],
         [
            -1.1414932998832228e-08,
            0.9092592597007751,
            0.41623061895370483,
            1.336377501487732
         ],
         [
            0.0,
            0.0,
            0.0,
            1.0
         ]
      ],
      [
         [
            0.4661586582660675,
            0.36823970079421997,
            -0.8044226765632629,
            -1.9134197235107422
         ],
         [
            -0.884701132774353,
            0.19402949512004852,
            -0.4238590896129608,
            -0.9404740333557129
         ],
         [
            -1.1414932998832228e-08,
            0.9092592597007751,
            0.41623061895370483,
            1.336377501487732
         ],
         [
            0.0,
            0.0,
            0.0,
            1.0
         ]
      ],
      [
         [
            0.42844825983047485,
            0.37609198689460754,
            -0.8215760588645935,
            -1.9458409547805786
         ],
         [
            -0.9035663604736328,
            0.17833326756954193,
            -0.38957056403160095,
            -0.8756659030914307
         ],
         [
            -1.1414932998832228e-08,
            0.9092592597007751,
            0.41623061895370483,
            1.336377501487732
         ],
         [
            0.0,
            0.0,
            0.0,
            1.0
         ]
      ],
      [
         [
            0.38997629284858704,
            0.38327550888061523,
            -0.8372685313224792,
            -1.9755010604858398
         ],
         [
            -0.9208248853683472,
            0.1623200625181198,
            -0.3545895516872406,
            -0.8095489740371704
         ],
         [
            -1.1414932998832228e-08,
            0.9092592597007751,
            0.41623061895370483,
            1.336377501487732
         ],
         [
            0.0,
            0.0,
            0.0,
            1.0
         ]
      ],
      [
         [
            0.3508107662200928,
            0.38977766036987305,
            -0.8514725565910339,
            -2.002347707748413
         ],
         [
            -0.9364463686943054,
            0.14601817727088928,
            -0.318977952003479,
            -0.7422401905059814
         ],
