1.0 -7.138872129212534e-16 1.5594926049103027e-15 0.0 7.138872053079515e-16 1.0 4.881909513212503e-09 -0.0 -1.5594926083954354e-15 -4.881909513212503e-09 1.0 -0.0
0.9991110182453379 -0.017546836498917688 0.03833121116850303 -0.0724491178321593 0.017546836489059747 0.9998459858066227 0.00033644555144263845 -0.0006359118731302793 -0.03833121117301569 0.00033644503731537474 0.9992650324387152 0.001389156797044988
0.9964456536425775 -0.035062475948489276 0.07659426948002024 -0.14476940009119313 0.03506247494749139 0.9993842170547953 0.0013451960192774307 -0.0025425051325547177 -0.07659426993824595 0.0013451699280583212 0.9970614365877821 0.005554127715969859
0.9920086445571261 -0.05251577361047885 0.11472115169412526 -0.21683230936099765 0.05251577544383674 0.9986155147560615 0.0030244037460443506 -0.005716405716027384 -0.11472115085487106 0.0030244355803200618 0.9933931298010644 0.01248754208602798
0.9858078806612334 -0.06987570586154446 0.1526440570626922 -0.2885096956558999 0.06987570323425121 0.9975412454882395 0.005371186767446302 -0.01015195710811212 -0.15264405826538535 0.005371152587932888 0.9882666351729936 0.022177043198383872
0.9778543821883727 -0.08711140369555784 0.19029558739283833 -0.3596741242461985 0.08711140271359005 0.9961633188789795 0.008381267045466823 -0.015841269958733695 -0.19029558784235262 0.00838125683929598 0.9816910633093933 0.03460539669825957
0.9681623003031264 -0.10419220561396919 0.22760875326106206 -0.430199024669776 0.10419220893035837 0.9944841865660298 0.012049326467261649 -0.02277422208317781 -0.22760875174292225 0.01204935514450758 0.9736781137370966 0.049750490584942186
0.9567488566021599 -0.1210877725528432 0.2645172522325353 -0.49995904835995675 0.12108777279284659 0.9925068316041686 0.016368888145579855 -0.030938557699190405 -0.26451725212266913 0.016368889920989147 0.9642420249979914 0.06758555199606464
0.9436343428120095 -0.13776805479975845 0.3009554620578229 -0.5688302474594675 0.13776805276277282 0.9902347698717765 0.021332233238545634 -0.04031963933423999 -0.30095546299029163 0.021332220083259298 0.9533995729402329 0.08807860524694999
0.9288421041534161 -0.15420336314601227 0.33685852868275956 -0.6366900152157511 0.15420336049059355 0.9876720459674416 0.026930525949114683 -0.05090084477389856 -0.33685852989832765 0.026930510744264658 0.9411700581859744 0.1111933389676718
0.9123983867390303 -0.1703645385475821 0.3721627438117421 -0.7034178310390411 0.1703645331020453 0.9848232066769856 0.033153845197524526 -0.0626634182062048 -0.37216274630453955 0.03315381721504661 0.9275751800620445 0.13688878092668721
0.8943324634549321 -0.18622279670057656 0.4068052541445946 -0.768894962479144 0.18622279622854068 0.9816933243809631 0.039991086890412045 -0.0755864206031136 -0.40680525436067794 0.03999108469232609 0.9126391390739689 0.16511918963869254
0.8746764717440306 -0.20174994507303437 0.4407244370810879 -0.8330050016672366 0.20174994379713326 0.9782879655806994 0.04743012310578473 -0.08964677933904852 -0.44072443766515573 0.04743011767857986 0.8963885061633311 0.19583416275677856
0.853465325577933 -0.21691839680992808 0.47386005018524563 -0.8956339845251187 0.21691839700600302 0.9746131798271166 0.05545772036085191 -0.1048196355207357 -0.4738600500954886 0.05545772112778318 0.8788521457508163 0.2289793958173667
0.8307367532900298 -0.23170117193790055 0.5061531523716349 -0.956670569579195 0.23170117470522603 0.9706755033883977 0.06405960319810688 -0.12107789742027697 -0.5061531511048395 0.06405961320741815 0.8600612499016319 0.2644957067110205
0.8065311701669269 -0.24607199582399236 0.5375463183953219 -1.0160062763790074 0.24607199163071236 0.9664819367100326 0.07322049541022953 -0.13839268704208008 -0.537546320314875 0.07322048131787934 0.8400492334568943 0.3023200112116522
0.7808915942054859 -0.26000529732834143 0.5679837704199086 -1.0735354854972443 0.26000530787759324 0.9620399368486993 0.08292406034215097 -0.15673324088576368 -0.5679837655907892 0.08292409341893035 0.8188516573567863 0.3423851061922567
0.7538635953629442 -0.2734763462885245 0.5974113889164938 -1.1291561537854686 0.27347635684392424 0.9573573936629339 0.09315311613837082 -0.17606700918325835 -0.5974113840845601 0.09315314712661733 0.7965062017000101 0.38461988640920897
0.7254953479376427 -0.2864611262262248 0.6257767359706189 -1.1827690991184006 0.28646113199816603 0.9524426544584347 0.10388941150329085 -0.19635945742461014 -0.6257767333284037 0.103889427418644 0.7730526934792078 0.42894891093370124
0.6958371064827785 -0.29893660716321274 0.6530295752409851 -1.2342789540681671 0.29893663092829553 0.947304430440345 0.11511388603176255 -0.21757471139910778 -0.6530295643620697 0.11511394774674599 0.7485326760424323 0.4752938122495116
0.6649416586418447 -0.3108806329304471 0.6791213607827374 -1.283594523532238 0.3108806423576686 0.9419518573757025 0.12680664254583604 -0.2396749121541658 -0.6791213564672487 0.1268066656577197 0.7229898012661419 0.523571887155293
0.6328640069356127 -0.32227187982752675 0.7040056705722141 -1.3306278310590458 0.322271903055263 0.9363944752459044 0.13894677840844905 -0.26262081141788896 -0.7040056599392791 0.13894683228263824 0.6964695316897075 0.5736973974701252
0.599661185200032 -0.33309015449861895 0.7276382424945649 -1.3752953109409098 0.333090163061966 0.9306421541619098 0.15151278549427136 -0.28637152350634354 -0.7276382385745308 0.151512804320184 0.6690190310381221 0.6255810280729033
0.5653922073565048 -0.3433161878594535 0.7499770976597829 -1.417517569795413 0.3433161966592319 0.9247051267321078 0.16448227170973795 -0.31088492227193676 -0.749977093631518 0.16448229007710488 0.6406870806243968 0.6791307540393892
0.5301179301978325 -0.3529318232488002 0.7709825602573924 -1.457219624984008 0.3529318424801564 0.9185939356759413 0.17783221278201206 -0.3361173930106798 -0.7709825514538757 0.177832250949209 0.6115239945218908 0.7342512986815586
0.4939011518561796 -0.3619199737393889 0.7906172176240656 -1.494330785402702 0.36191998100081846 0.9123194530931141 0.19153888080556428 -0.36202408055492585 -0.790617214300009 0.19153889452631012 0.5815816987630653 0.7908446755082593
0.45680614652554014 -0.3702646414527166 0.8088462398913515 -1.5287850091099142 0.37026465886086485 0.9058928248739871 0.20557789822953967 -0.3885589885104682 -0.8088462319224428 0.2055779295832089 0.5509133216515526 0.8488104050094931
0.41889898446207763 -0.37795101212280013 0.8256371317061696 -1.560521260954358 0.3779510112822629 0.899325484892695 0.21992431719396963 -0.4156748552101731 -0.8256371320909415 0.21992431574946397 0.5195734995693826 0.9080452436760988
0.38024710572862946 -0.38496535273859606 0.840960055993059 -1.5894827973192744 0.38496536686759225 0.8926291331217158 0.23455254638326664 -0.44332342661598767 -0.8409600495252438 0.23455256957284162 0.4876179726069136 0.9684437801564517
0.3409191752251956 -0.39129525797003367 0.854787773107417 -1.6156183582153156 0.39129526726467795 0.8858156514011578 0.24943665638595802 -0.47145558036531676 -0.854787768852618 0.24943667096661434 0.45510352382403757 1.0298987062368474
0.30098503061323517 -0.3969294785805415 0.8670957273453315 -1.6388813328155094 0.3969294701800637 0.8788971403017922 0.2645502078470284 -0.5000214001988398 -0.8670957311908091 0.26455019524300377 0.422087890311443 1.0923009794296652
0.26051579034883365 -0.4018579577022566 0.8778620078408074 -1.6592305939203078 0.40185794086471743 0.8718859274601873 0.27986626245558477 -0.528969965081688 -0.8778620155485096 0.2798662382786825 0.38862986288864615 1.1555393623068393
0.21958331863331923 -0.4060719216504969 0.8870675062389844 -1.6766296634925033 0.40607192752068566 0.8647944708513814 0.2953576016704396 -0.5582499074121 -0.8870675035517946 0.2953576097410592 0.3547888477819377 1.2195016419113167
0.17826051838908036 -0.4095639136073682 0.8946958076655286 -1.691047785540871 0.40956392587282064 0.8576353856087712 0.3109966816146705 -0.5878090532869599 -0.8946958020507858 0.3109966977675331 0.3206251327803089 1.284073843914141
0.13662065943809798 -0.4123277244467696 0.9007333917798586 -1.7024592108643706 0.4123277432752585 0.8504213708423989 0.3267557560932442 -0.6175949993174074 -0.9007333831607618 0.326755779852605 0.28619928859569893 1.349141492672966
0.09473788986485664 -0.41435843810005374 0.9051694962819052 -1.7108437930986389 0.4143584549134902 0.843165269256643 0.34260677103799 -0.647554703275825 -0.9051694885852369 0.3426067913726413 0.2515726206082134 1.4145887169969837
0.05268691878166544 -0.4156524267153396 0.9079962272801267 -1.7161866310880953 0.4156524447357636 0.8358800282950823 0.3585214407571678 -0.6776347135816182 -0.9079962190309369 0.35852146164917614 0.21680689048658294 1.4802987514605261
0.010542034047939977 -0.4162074111435512 0.9092085879639034 -1.7184780688858627 0.41620742678356626 0.8285785155255704 0.3744716564703453 -0.7077819259840666 -0.9092085808043908 0.3744716738534771 0.18196351852236936 1.5461555893830872
-0.03162158914333831 -0.4160223843170129 0.9088044073656539 -1.7177141725910383 0.41602240495632453 0.821273759411757 0.3904289572714037 -0.7379425229658721 -0.9088043979176189 0.39042897926366493 0.14710465144490456 1.6120416659475068
-0.07372887272768051 -0.41509768943727693 0.9067844074255687 -1.713896134302154 0.4150977119387028 0.8139787627583054 0.4063649385979459 -0.7680628296631012 -0.9067843971251155 0.4063649615829257 0.11229236451401395 1.677839727964235
-0.1157051947841512 -0.41343496830147625 0.90315216596403 -1.7070308681636117 0.4134349862347496 0.8067064519428416 0.4222513618105501 -0.7980894441138772 -0.9031521577547351 0.4222513793693859 0.07758835327300699 1.7434331184007066
-0.15747555807214045 -0.4110371874251897 0.897914182516045 -1.6971307719471567 0.411037201609408 0.7994698232254749 0.4380598368316078 -0.8279687410729016 -0.8979141760229509 0.4380598501408426 0.04305461870238457 1.808704692460003
-0.1989662793988932 -0.40790857264512276 0.8910796911751384 -1.684213011796018 0.40790858492722804 0.7922816426223647 0.4537624765295979 -0.8576480256426827 -0.8910796855527725 0.45376248757056376 0.008752077978741944 1.8735393376979064
-0.24010302189808846 -0.40405471358699774 0.8826609356392381 -1.668300833527249 0.404054738345435 0.7851547956100187 0.46933113614077626 -0.8870740571217509 -0.8826609243055954 0.46933115745571274 -0.025257817508107454 1.93782074935701
-0.28081299161397544 -0.39948243728144095 0.8726728172943679 -1.6494224897479344 0.3994824842314335 0.7781018920097612 0.4847382700417953 -0.9161948352723682 -0.8726727958021219 0.4847383087342176 -0.05891488362373762 2.0014353324834486
-0.3210235731392291 -0.39419997345184443 0.8611331177114763 -1.6276114782738986 0.39419997800502565 0.7711354699267589 0.49995646246615727 -0.9449583598568375 -0.8611331156271714 0.4999564660561978 -0.0921590430659879 2.0642694921235893
-0.36066337527659464 -0.3882165778257922 0.8480623906501954 -1.6029066613388925 0.38821660200552205 0.7642679695521214 0.5149585814839515 -0.9733136230084568 -0.848062379581467 0.5149585997125478 -0.12493134482871647 2.126211801166694
-0.39966203230495667 -0.38154297269485316 0.8334837850378652 -1.5753520271760486 0.3815429748221726 0.7575115207465312 0.5297180894590299 -1.0012102619016838 -0.8334837840640446 0.5297180909912861 -0.15717355305148775 2.1871522415999776
-0.43795000244352045 -0.3741909812923156 0.817423332722534 -1.5449964515993095 0.37419099685429597 0.7508782191755307 0.5442085977279045 -1.0285985091335874 -0.8174233255987431 0.5442086084281265 -0.18882822161905116 2.2469820961164664
-0.47545943168227517 -0.36617366733121726 0.7999094787396727 -1.5118938172126433 0.36617369671003064 0.7443797991934834 0.5584044577099827 -1.0554298873835135 -0.7999094652909655 0.5584044769751371 -0.2198392308757589 2.3055954656048603
-0.5121232887709578 -0.35750536105053826 0.7809735295888988 -1.4761032518287107 0.3575054053742162 0.7380278744934264 0.5722802998522076 -1.0816563658977794 -0.7809735092988976 0.5722803275413542 -0.250151163264385 2.362887426483288
-0.5478770142382758 -0.3482013531442124 0.7606487986830003 -1.43768793637582 0.34820137976769017 0.7318336040855721 0.5858117232174506 -1.1072317994275447 -0.7606487864956 0.5858117390422128 -0.27971061832384825 2.4187571740711022
-0.5826562632277074 -0.3382783310784832 0.7389718869106461 -1.3967167738281567 0.338278362981897 0.7258081768412561 0.5989743229627292 -1.132110241198205 -0.7389718723062554 0.5989743409805867 -0.3084644400689638 2.473104337256442
-0.6163995255540418 -0.32775388721651894 0.7159811549972621 -1.3532624818569845 0.3277539209100838 0.7199622294944016 0.6117448450371422 -1.1562475307029012 -0.7159811395733959 0.6117448630891084 -0.3363617550484438 2.5258324470443947
-0.6490472562742989 -0.31664662073775857 0.6917171218772616 -1.3074014736213657 0.3166466106731212 0.714306039687001 0.6241007976408116 -1.1796011944654246 -0.6917171264845401 0.6241007925343716 -0.3633532959613 2.576848719772726
-0.6805406792750298 -0.30497639314492275 0.6662235236586851 -1.2592164803726622 0.30497642566279154 0.7088499090219248 0.6360198002181667 -1.2021292055765445 -0.666223508773016 0.636019815810736 -0.389390588296955 2.626061347308677
-0.7108242159939036 -0.29276392621649655 0.6395453208826987 -1.2087923791292186 0.2927639717125477 0.7036033632349568 0.6474809372572693 -1.2237917203431445 -0.6395453000560217 0.647480957828691 -0.4144275792288611 2.6733832907734256
-0.7398440265986783 -0.28003095207558354 0.611729909507371 -1.156219172908689 0.2800309514072423 0.6985756932352524 0.6584638692250633 -1.2445502347729356 -0.611729909813317 0.6584638689408318 -0.43841971983393063 2.718730437875963
-0.7675481816075197 -0.2668001077649602 0.5828271539724238 -1.1015905602165583 0.266800158332214 0.6937760629836968 0.6689487648129316 -1.264367634192992 -0.5828271308243084 0.6689487849809185 -0.46132424459121746 2.7620217113051595
-0.7938878654705916 -0.25309487622085464 0.5528879096971628 -1.0450028621624516 0.2530949076696077 0.6892127458918311 0.678917342989524 -1.2832089871465064 -0.5528878953009014 0.6789173547133646 -0.4831006113624231 2.8031808030038454
-0.8188160127655669 -0.2389396424143112 0.5219656928588509 -0.986557406646015 0.23893967787141923 0.6848940016133063 0.6883516811142504 -1.3010407018774974 -0.5219656766276893 0.6883516934220715 -0.5037100143788736 2.842134331502657
-0.8422883528790942 -0.22435954553898904 0.4901154200081454 -0.9263577865432031 0.22435960804443356 0.680827506293392 0.6972350198838765 -1.3178310225162657 -0.4901153913950985 0.6972350399971732 -0.5231158591724874 2.878812925841243
-0.8642630083590043 -0.20938067500935062 0.45739390607535707 -0.8645115286363378 0.20938072038263816 0.6770204198748373 0.7055516033604816 -1.3335499794608583 -0.4573938853048774 0.7055516168255358 -0.5412834282338422 2.913151117176207
-0.8847011580128276 -0.19402944629110916 0.4238589800661624 -0.8011278286375608 0.194029477356138 0.6734795301781648 0.7132866775342873 -1.3481698359439802 -0.4238589658455579 0.7132866859846495 -0.5581806881909926 2.9450883143102002
-0.9035663434514986 -0.17833321055383908 0.3895704416344349 -0.7363196969561016 0.17833324935806777 0.6702111892798773 0.7204264111881558 -1.3616645422289877 -0.38957042387106566 0.7204264207936939 -0.5737775327313763 2.974567611378557
-0.9208249123147446 -0.16232001750208527 0.35458947076678055 -0.6702027666053569 0.16232005020396853 0.6672211656425536 0.7269581263184098 -1.3740099837026163 -0.35458945579687495 0.7269581336203033 -0.5880460779572987 3.0015363298099054
-0.93644638630585 -0.1460181165853682 0.31897786005235035 -0.6028939819006638 0.14601816016122904 0.664514801052667 0.7328702314087154 -1.3851843778233524 -0.3189778401046766 0.7328702400908337 -0.6009611873585176 3.0259468854631715
-0.9504028855607918 -0.1294566113757837 0.28279911755311365 -0.5345131481801205 0.12945665671245532 0.6620968722167305 0.7381522240254079 -1.3951677283174213 -0.2827990967993957 0.7381522319765224 -0.6124997577775229 3.047755596314188
-0.9626696013698 -0.11266493769875904 0.24611755405059077 -0.4651820377348481 0.11266497870084217 0.6599716779907623 0.7427947137832878 -1.4039424702198988 -0.24611753528111216 0.7427947200023655 -0.6226412793605627 3.066924091553379
-0.9732246562747583 -0.0956730591735945 0.20899864632873705 -0.3950242109951331 0.09567309769571461 0.6581430277388155 0.7467894036581472 -1.4114927255964962 -0.20899862869450814 0.7467894085933133 -0.6313676840135742 3.083417685703763
-0.9820494649607591 -0.07851087136974465 0.17150770083891317 -0.32416331779794827 0.07851090901262286 0.656614141854968 0.7501292594493802 -1.4178052959144987 -0.17150768360717367 0.7501292633892024 -0.6386636068157275 3.0972075464635296
-0.989128130176487 -0.06120928607911602 0.1337122484713027 -0.25272682267734436 0.06120932588978721 0.6553877851815824 0.7528082554401869 -1.422868768908939 -0.13371223024721515 0.7528082586771114 -0.64451591535807 3.108268743647818
-0.9944481775902053 -0.04379886920556497 0.09567905279544406 -0.180840998074195 0.04379891123983736 0.6544661116400425 0.7548216770131659 -1.4266744117164136 -0.09567903355346148 0.7548216794522248 -0.6489142892302484 3.1165822002468833
-0.9980001761082036 -0.026310387972280358 0.05747531620393717 -0.10863283168493415 0.026310428931177025 0.6538507236879325 0.7561659820847698 -1.4292151785041454 -0.05747529745422776 0.7561659835099137 -0.6518508997961366 3.1221325245835247
-0.9997777310507923 -0.008775324905684874 0.01916982440528776 -0.036232336141426236 0.008775365980983427 0.653542755637334 0.7568387275409867 -1.4304868020780503 -0.019169805602292846 0.756838728017244 -0.6533204866881266 3.1249103949401107
-0.9997777273231123 0.008775439988866018 -0.01916996613544635 0.03623299422089363 -0.00877539804638285 0.6535427565219284 0.7568387264053333 -1.4304868015117425 0.019169985335411414 0.7568387259190172 -0.6533204838450413 3.124910391715677
-0.9980001496630767 0.02631060182695096 -0.05747567749909675 0.10863390672983002 -0.026310561242306553 0.6538507467736673 0.7561659575190043 -1.4292151768062307 0.057475696077484505 0.756165956106873 -0.6518508964367444 3.1221325149159753
-0.9944481839839876 0.04379888621702118 -0.09567897855379448 0.1808412530215764 -0.04379884468815456 0.6544661045320702 0.7548216870378065 -1.4266744088899088 0.09567899756441822 0.7548216846280754 -0.6489142885160584 3.1165821841533887
-0.9891281064829811 0.061209393518710895 -0.13371237455996401 0.2527274791567615 -0.0612093509323152 0.6553877903258927 0.7528082489254408 -1.4228687649588725 0.1337123940546919 0.752808245462824 -0.6445158968088742 3.1082687211570104
-0.9820493883846344 0.07851107200000967 -0.17150804746942613 0.3241643606440523 -0.0785110338137589 0.656614183370147 0.7501292100476089 -1.4178052908478933 0.17150806494990384 0.7501292060509072 -0.6386635717547818 3.097207517615396
-0.9732246161796231 0.09567317006430306 -0.2089987822736591 0.3950248948875107 -0.09567312739648427 0.6581430372989788 0.7467893914277647 -1.411492719422354 0.20899880180565986 0.7467893859614784 -0.6313676534786025 3.083417650549561
-0.9626695422762597 0.11266506981974632 -0.2461177247093926 0.46518269023908887 -0.11266502543668135 0.6599716764524046 0.7427947080613556 -1.4039424629492063 0.24611774502657996 0.742794701329455 -0.6226412187286648 3.066924050155662
-0.9504028993740001 0.1294566458805941 -0.2827990553358351 0.534513411411182 -0.12945659865652315 0.6620968395801963 0.7381522634810516 -1.3951678192001982 0.28279907695354695 0.7381522551989274 -0.6124997389541971 3.0477557655308085
-0.9364463091394513 0.14601824679479747 -0.31897802698943545 0.6028946006627248 -0.14601820570171659 0.6645148046008674 0.7328702191179024 -1.385184269163159 0.31897804580057004 0.7328702109304517 -0.6009611137403192 3.025946615025868
-0.9208248263491117 0.16232014616659107 -0.35458963511020003 0.670203412822737 -0.16232009481947415 0.6672211717141312 0.7269581107837086 -1.3740099236089498 0.3545896586153144 0.7269580993185772 -0.5880459980632438 3.0015361617747596
-0.9035663521450212 0.17833325381485848 -0.3895704016672014 0.7363199829526492 -0.17833320221215973 0.6702111667335782 0.720426443833354 -1.3616645307204793 0.3895704252893132 0.720426431059703 -0.5737775188786003 2.9745675458516523
-0.8847010674351845 0.19402956340299662 -0.4238591155144449 0.8011283502183282 -0.19402950978434913 0.6734795350373943 0.7132866641250629 -1.3481697738039866 0.4238591400593954 0.7132866495396206 -0.5581806024725798 2.9450881346237185
-0.8642629233852365 0.20938078387959516 -0.45739401679905184 0.8645121663557204 -0.20938074244996002 0.6770204200884016 0.7055515966068164 -1.333549916330191 0.4573940357642506 0.7055515843120831 -0.5412833434736385 2.91315093184905
-0.8422881282372316 0.22435976214904366 -0.4901157069091391 0.926358778588915 -0.22435971590991466 0.6808274993204441 0.6972349919832574 -1.3178308095633104 0.4901157280759749 0.6972349771042007 -0.5231156275576766 2.878812409833822
-0.8188159429378494 0.23893973962991624 -0.5219657578964242 0.9865579183280375 -0.2389396815725666 0.684893989968327 0.6883516914159983 -1.3010406368392826 0.5219657844732748 0.6883516712632092 -0.5037099329061775 2.842134135314344
-0.7938877394619852 0.25309497568712364 -0.5528880450994335 1.0450036085177776 -0.2530949389084657 0.6892127753954833 0.6789173013928684 -1.283208921194801 0.5528880619355594 0.6789172876820778 -0.4831005148574691 2.8031806016143177
-0.7675480765907723 0.2668002415986176 -0.582827231008234 1.1015911834052603 -0.26680017398246236 0.6937760297566546 0.6689487930312912 -1.2643675673568349 0.5828272619608093 0.6689487660635998 -0.4613241063474286 2.7620215048797596
-0.7398438841564229 0.2800309851381962 -0.6117300666461221 1.1562197919350479 -0.2800309804900842 0.6985757913798077 0.6584637527334647 -1.244550117464398 0.611730068773883 0.658463750756719 -0.4384196755362306 2.7187301181968966
-0.7108241545033664 0.2927639735019799 -0.6395453675806794 1.208792993795573 -0.29276396206430116 0.7036033881566863 0.6474809145379066 -1.2237916022129003 0.6395453728164928 0.6474809093662635 -0.4144275426600528 2.6733829664157414
-0.680540523777414 0.3049764739738667 -0.6662236454969387 1.2592170904891358 -0.3049764508922064 0.7088499494897955 0.6360197430186487 -1.2021290370396356 0.6662236560630047 0.6360197319508113 -0.38939047326720966 2.626060910071496
-0.6490467767814263 0.3166467631934377 -0.6917175065796443 1.3074025558433218 -0.31664674671691956 0.714306178743371 0.624100569461873 -1.1796008763197485 0.6917175141220817 0.6241005611022651 -0.3633529555247975 2.576847953071025
-0.6163995965188025 0.32775390481464955 -0.7159810858466913 1.3532627247088747 -0.3277538642344512 0.7199622110767725 0.6117448970778833 -1.1562475591702683 0.7159811044230444 0.6117448753362749 -0.3363618075955756 2.525832435006377
-0.5826560963581607 0.3382783880677807 -0.7389719923941188 1.3967173692382309 -0.3382783799234011 0.7258082265486423 0.5989742531617814 -1.1321100705121983 0.7389719961223624 0.5989742485621387 -0.30846432290680303 2.473103887782774
-0.5478766649765564 0.3482014969415298 -0.7606489844217528 1.437688645769847 -0.34820144284398474 0.7318336519189164 0.5858116259689539 -1.1072315784826197 0.7606490091859276 0.5858115938138303 -0.279710316895474 2.4187566125591724
-0.5121235299516217 0.357505356917874 -0.7809733733264624 1.4761033598046025 -0.35750531412988146 0.738027814878289 0.5722804337340852 -1.0816564916822706 0.7809733929134751 0.5722804070042949 -0.2501513448299114 2.362887620297641
-0.47545947196520544 0.36617368374028353 -0.7999094472842778 1.5118940388893485 -0.3661736570202368 0.7443797958146385 0.5584044882407223 -1.0554299133715102 0.7999094595158842 0.558404470719055 -0.21983926777984425 2.3055954394498532
-0.43794961258611254 0.37419108223066044 -0.817423495389459 1.5449970252683367 -0.3741910460554627 0.7508782920179562 0.5442084633925821 -1.0285982368929085 0.8174235119493398 0.5442084385189594 -0.1888279046040693 2.2469814166627624
-0.39966153607021093 0.38154307543900157 -0.833483975953076 1.5753525950925882 -0.38154303582186955 0.7575116171186471 0.529717907707606 -1.0012098899494597 0.8334839940885673 0.5297178791723388 -0.15717315318885874 2.1871513426605915
-0.36066327368734835 0.3882166135670656 -0.8480624174927482 1.6029071041869167 -0.3882165901114839 0.7642679925289758 0.5149585563498691 -0.9733135483368468 0.8480624282299841 0.5149585386671911 -0.12493126621632451 2.1262115501279553
-0.3210233652978524 0.39420000625356233 -0.8611331801774526 1.6276119151663313 -0.3941999799066614 0.7711355198363662 0.49995638398592823 -0.9449582103712754 0.8611331922382445 0.4999563632122192 -0.09215888513421902 2.06426907629811
-0.28081269947895554 0.39948254716957965 -0.8726728609956003 1.649422920599026 -0.39948249322109874 0.7781019161128102 0.48473822394301436 -0.9161946110180837 0.8726728856915382 0.48473817948298414 -0.058914615591767194 2.001434752128755
-0.2401032036833737 0.40405471768604745 -0.8826608843132387 1.668301019843427 -0.40405469388828874 0.7851547656732987 0.46933122449646214 -0.8870741550929641 0.8826608952071127 0.4693312040085933 -0.02525796935667276 1.9378208718711605
-0.19896588156532533 0.407908619864729 -0.891079758390339 1.684213311140959 -0.40790859365782983 0.7922817172942958 0.4537623383019937 -0.857647701607536 0.8910797703870424 0.4537623147433616 0.008752401140378509 1.8735385374628595
-0.15747525902810885 0.4110372208214048 -0.8979142196743773 1.697131065058434 -0.4110371974310468 0.7994698801469222 0.4380597368691818 -0.827968516072949 0.8979142303817558 0.4380597149217009 0.043054860824968816 1.8087041078596386
-0.11570513785246497 0.4134349927990208 -0.9031521620434818 1.7070312742085132 -0.41343496583501865 0.8067064624713977 0.422251361669658 -0.798089392624104 0.9031521743867635 0.422251335268649 0.07758839967613694 1.7434329122917682
-0.07372882259323492 0.41509772554381674 -0.9067843949734499 1.713896414831138 -0.41509769119269113 0.8139787659430654 0.4063649534104803 -0.7680627532567527 0.9067844106983273 0.4063649183211498 0.11229241146369913 1.677839467048279
-0.03162141988984046 0.4160224132527254 -0.9088044000088958 1.7177144467937104 -0.41602238577045475 0.8212737864609801 0.3904289208164573 -0.7379423720720272 0.9088044125894248 0.39042889153266197 0.14710479364917903 1.6120412421035752
0.010542209000452989 0.4162074301551097 -0.9092085772324578 1.7184783367537675 -0.41620740547641316 0.8285785461487969 0.3744716123934345 -0.7077817626736452 0.9092085885295977 0.3744715849642341 0.18196366285165574 1.5461551383731418
0.052687091526851644 0.41565244841208426 -0.9079962073243922 1.7161868926240462 -0.41565242127763036 0.8358800559225328 0.3585214035409699 -0.6776345627116486 0.9079962197457017 0.3585213720825905 0.21680703560431852 1.4802983277525352
0.094738294393931 0.41435845111949143 -0.9051694479826331 1.7108440483167313 -0.4143584200980037 0.8431653354602145 0.3426066502158854 -0.6475543788244459 0.9051694621833059 0.34260661269759496 0.2515729589337158 1.4145879143920006
0.13662106119161066 0.41232771846358696 -0.9007333335818606 1.702459340580603 -0.4123277022907357 0.8504214407512097 0.32675562586477275 -0.6175946874017152 0.9007333409852889 0.32675560545650917 0.2861996204404008 1.349140717912186
0.17826044570748975 0.4095639432454472 -0.8946958085793222 1.6910480282103513 -0.4095639142955049 0.8576353705490075 0.31099673839159603 -0.5878090764748215 0.8946958218317058 0.3109967002662675 0.3206250751584816 1.284073801815783
0.21958337555708812 0.40607192040455325 -0.8870674927185153 1.6766298999535338 -0.40607190598775805 0.8647944847465104 0.29535759059060446 -0.558249843992855 0.8870674993180757 0.29535757076969577 0.3547888908105776 1.2195014114098304
0.2605158897446351 0.4018579131294532 -0.8778619987479821 1.6592307050222492 -0.4018579143508833 0.8718859602251295 0.2798661984517996 -0.5289698895297504 0.8778619981888494 0.2798662002056426 0.38862992951950565 1.1555391062557112
0.3009851952895272 0.39692943506763934 -0.867095690101969 1.6388815570465372 -0.3969294340360352 0.8788971799340278 0.26455013040980707 -0.5000212753464081 0.8670956905742053 0.26455012886199425 0.4220880153554994 1.09230061679733
0.34091938186780646 0.3912952339771625 -0.8547877016742991 1.6156184572372434 -0.3912952223919143 0.8858156890933176 0.24943659292371953 -0.4714554310672071 0.8547877069776655 0.249436574749752 0.45510369277448876 1.0298982914786805
0.3802474324548674 0.38496530295725867 -0.8409599310493377 1.589482771223179 -0.3849652980917131 0.8926291916049236 0.23455243669571862 -0.44332317848927627 0.8409599332766333 0.23455242871001497 0.4876182408499438 0.9684431509398921
0.41889937758817414 0.377950943805253 -0.8256369635214734 1.5605211098418135 -0.37795092373233086 0.8993255543042726 0.21992418381158235 -0.41567455791757724 0.8256369727102331 0.21992414931523857 0.5195738232839011 0.90804450864477
0.4568061293227428 0.37026468344923363 -0.8088462303821489 1.5287853291392914 -0.3702646512620443 0.9058928150201305 0.2055779553373856 -0.38855898942518474 0.8088462451164438 0.20557789736531065 0.550913314302611 0.8488103231552265
0.49390111214472215 0.36192000283170433 -0.7906172291143837 1.494330980649546 -0.36191997988390845 0.9123194439848936 0.19153892629939745 -0.3620241068174289 0.7906172396191712 0.19153888293867083 0.5815816681598279 0.7908446509162304
0.5301179186172027 0.3529318632286238 -0.7709825499185677 1.4572198147895483 -0.3529318357397935 0.9185939273929208 0.17783226894517423 -0.3361173702346739 0.7709825625020998 0.17783221438991673 0.6115239912242809 0.73425116900001
0.5653922667103375 0.34331617273251813 -0.7499770598387943 1.4175177543012585 -0.34331617070303455 0.9247051385972128 0.16448225918230278 -0.31088485049791725 0.7499770607678287 0.1644822549462561 0.6406871281131247 0.679130519498891
0.5996613505379584 0.3330901115009386 -0.7276381259192539 1.3752953710888007 -0.333090103183115 0.9306421827521111 0.15151274152310829 -0.28637140277370143 0.7276381297268949 0.151512723236957 0.6690191677858474 0.6255806888977402
0.632864233707169 0.3222718397441929 -0.704005485065373 1.3306277670091677 -0.32227181828262547 0.9363945087217371 0.1389467494279264 -0.26262059214629474 0.7040054948898115 0.1389466996501528 0.6964697249854311 0.5736968454857703
0.6649419088473254 0.3108805632480014 -0.6791211476997903 1.2835943354536394 -0.31088054268643284 0.9419518977210959 0.12680658720514112 -0.23967469361769222 0.6791211571122373 0.12680653679614257 0.7229900111262288 0.5235713393565529
0.6958369876733784 0.29893670759085594 -0.6530296558659321 1.2342792381849481 -0.29893667252670775 0.9473044017126286 0.11511401441413924 -0.21757474172615987 0.6530296719172097 0.11511392335689828 0.7485325859607473 0.47529381080012745
0.7254952638861187 0.2864611763301309 -0.6257768104798774 1.182769140360667 -0.28646116317919973 0.9524426386471802 0.1038894704809734 -0.19635948855675123 0.6257768164999649 0.10388943421905238 0.7730526252389383 0.42894891406831603
0.7538636194873666 0.2734763475946049 -0.5974113578763983 1.12915619076561 -0.2734763402133569 0.9573573966389995 0.09315313437617508 -0.17606694191626204 0.597411361255304 0.09315311270651304 0.7965062228483669 0.38461967753070536
0.7808919628145525 0.2600051145849432 -0.5679833472922475 1.0735348031608694 -0.26000511153188893 0.9620400000516149 0.08292394273054479 -0.15673297601392033 0.5679833486898409 0.08292393315779979 0.8188519627629376 0.34238446869507366
0.8065312711031482 0.24607194183788927 -0.5375461916643727 1.0160060670276623 -0.24607193029888463 0.9664819542905175 0.07322046947242788 -0.1383926215435919 0.5375461969465702 0.07322043069329986 0.8400493168126302 0.30231981240264405
0.8307368940228338 0.23170109482730517 -0.5061529566891053 0.9566702969864965 -0.2317010837740826 0.9706755269102809 0.06405957567268233 -0.121077783230645 0.506152961748927 0.0640595356935772 0.8600613671125524 0.2644954047903123
0.8534654992369709 0.21691828133850657 -0.4738597902685315 0.8956335893083293 -0.21691827559057406 0.9746132099295126 0.05545766624826044 -0.10481947266654457 0.47385979289975627 0.05545764376567202 0.8788522893074581 0.22897899093632623
0.8746764243045876 0.20174998282972506 -0.4407245139471445 0.8330052589147371 -0.20174997682773652 0.9782879574132415 0.047430151066970704 -0.08964681593791946 0.4407245166946682 0.04743012553676748 0.896388466891346 0.19583419701774663
0.8943324667940022 0.18622279903434974 -0.40680524573555715 0.7688950975641893 -0.18622279125689123 0.9816933246725484 0.03999110288364847 -0.07558640858546284 0.40680524929583584 0.03999106666707494 0.9126391421214534 0.16511912121284245
0.9123984113918525 0.1703645162667698 -0.37216269357206344 0.7034178442005203 -0.17036450840970505 0.9848232110571971 0.033153841969086 -0.0626634072119473 0.3721626971687835 0.033153801594705684 0.9275752003346549 0.1368887183278127
0.9288423149146706 0.15420313760800272 -0.3368580507807451 0.6366891914416468 -0.154203139072029 0.9876720830468912 0.0269304339019487 -0.050900735585492574 0.3368580501105594 0.0269304422849333 0.9411702318677794 0.11119306552284058
0.9436344062027526 0.1377679748635491 -0.3009552998908226 0.5688300771140429 -0.13776797636998958 0.9902347812711221 0.021332197445437934 -0.04031958082500908 0.30095529920122105 0.021332207174356282 0.9533996249316306 0.08807844623322936
0.9567489202590342 0.12108768813486183 -0.26451706063187436 0.4999588462418588 -0.12108768475633555 0.9925068425197819 0.01636887753522714 -0.030938500266400548 0.26451706217845866 0.016368852542783974 0.9642420777392522 0.06758539911136174
0.9681623692581809 0.10419209638461267 -0.2276085099537479 0.43019867182527405 -0.1041920972632797 0.9944841984532699 0.0120493109610838 -0.022774165740722108 0.22760850955152145 0.012049318559039606 0.9736781708049111 0.049750343908361305
0.9778543547415585 0.08711146018835357 -0.1902957025705605 0.3596744255966352 -0.08711145563146558 0.9961633140069193 0.008381296112118203 -0.015841264337108307 0.1902957046565622 0.008381248749720674 0.9816910407346385 0.03460536468996578
0.9858078682108181 0.06987573770356671 -0.15264412289382331 0.2885098766020951 -0.06987573337075338 0.9975412432919509 0.005371202607247215 -0.010151952598771219 0.15264412487725057 0.005371146239962544 0.9882666249188664 0.022177017523192122
0.9920087012972839 0.05251558895062113 -0.11472074558529297 0.2168315953058973 -0.05251558958949984 0.998615524563429 0.003024392662119508 -0.005716352708446615 0.11472074529283416 0.0030244037555964623 0.9933931767338549 0.01248741439748935
0.9964456977024669 0.03506225998542849 -0.07659379514659115 0.14476856616017464 -0.035062257941668805 0.9993842246723553 0.0013451929479504489 -0.002542453251301424 0.0765937960821608 0.001345139676596195 0.9970614730301111 0.005554006440491088
0.999111022715302 0.017546792380652397 -0.03833111485377632 0.07244898385527188 -0.017546792375802298 0.9998459865814023 0.0003364437288277984 -0.0006359107407684084 0.03833111485599654 0.000336443475876953 0.9992650361338997 0.001389150349626611
0.9999999999999847 -7.277605857396955e-08 1.589799071227561e-07 -2.384185791015625e-07 7.277605779784361e-08 0.9999999999999973 4.881917863497219e-09 -1.7763568394002505e-15 -1.5897990747804244e-07 -4.881906293566235e-09 0.9999999999999873 1.0658141036401503e-14
