{
   "origin_transformation_mtx": [
      [
         -4.371139000183083e-08,
         0.9999999999992765,
         1.2021145039395212e-06,
         -2.000001655641861
      ],
      [
         -0.4162300039787333,
         -1.111227856559742e-06,
         0.9092593600214567,
         -0.48596388497479737
      ],
      [
         0.9092593600221346,
         -4.606111342589269e-07,
         0.4162300039784807,
         -2.4220513244381907
      ],
      [
         0.0,
         0.0,
         0.0,
         1.0
      ]
   ],
   "Camera": [
      [
         [
            -4.371138828673793e-08,
            -0.41623005270957947,
            0.9092594981193542,
            2.0
         ],
         [
            1.0,
            -1.1112280162706156e-06,
            -4.6061120428930735e-07,
            2.0
         ],
         [
            1.2021145039398107e-06,
            0.9092594981193542,
            0.41623005270957947,
            1.4500000476837158
         ],
         [
            0.0,
            0.0,
            0.0,
            1.0
         ]
      ],
      [
         [
            -4.371138828673793e-08,
            -0.41623005270957947,
            0.9092594981193542,
            1.9985700845718384
         ],
         [
            1.0,
            -1.110189373321191e-06,
            -4.6013576593395555e-07,
            2.0
         ],
         [
            1.2009722922812216e-06,
            0.9092594981193542,
            0.41623005270957947,
            1.450023889541626
         ],
         [
            0.0,
            0.0,
            0.0,
            1.0
         ]
      ],
      [
         [
            -4.371138828673793e-08,
            -0.41623005270957947,
            0.9092594981193542,
            1.9943290948867798
         ],
         [
            1.0,
            -1.1071269909734838e-06,
            -4.587338651163009e-07,
            2.0
         ],
         [
            1.197604206026881e-06,
            0.9092594981193542,
            0.41623005270957947,
            1.45009446144104
         ],
         [
            0.0,
            0.0,
            0.0,
            1.0
         ]
      ],
      [
         [
            -4.371138828673793e-08,
            -0.41623005270957947,
            0.9092594981193542,
            1.9873498678207397
         ],
         [
            1.0,
            -1.102120563700737e-06,
            -4.564421089980897e-07,
            2.0
         ],
         [
            1.1920982387891854e-06,
            0.9092594981193542,
            0.41623005270957947,
            1.4502109289169312
         ],
         [
            0.0,
            0.0,
            0.0,
            1.0
         ]
      ],
      [
         [
            -4.371138828673793e-08,
            -0.41623005270957947,
            0.9092594981193542,
            1.9777055978775024
         ],
         [
            1.0,
            -1.0952504680972197e-06,
            -4.532971900061966e-07,
            2.0
         ],
         [
            1.184542497867369e-06,
            0.9092594981193542,
            0.41623005270957947,
            1.4503716230392456
         ],
         [
            0.0,
            0.0,
            0.0,
            1.0
         ]
      ],
      [
         [
            -4.371138828673793e-08,
            -0.41623005270957947,
            0.9092594981193542,
            1.9654693603515625
         ],
         [
            1.0,
            -1.0865965123230126e-06,
            -4.493356584589492e-07,
            2.0
         ],
         [
            1.1750248631869908e-06,
            0.9092594981193542,
            0.41623005270957947,
            1.4505754709243774
         ],
         [
            0.0,
            0.0,
            0.0,
            1.0
         ]
      ],
      [
         [
            -4.371138828673793e-08,
            -0.41623005270957947,
            0.9092594981193542,
            1.9507137537002563
         ],
         [
            1.0,
            -1.0762386182250339e-06,
            -4.445941783615126e-07,
            2.0
         ],
         [
            1.1636333283604472e-06,
            0.9092594981193542,
            0.41623005270957947,
            1.4508213996887207
         ],
         [
            0.0,
            0.0,
            0.0,
            1.0
         ]
      ],
      [
         [
            -4.371138828673793e-08,
            -0.41623005270957947,
            0.9092594981193542,
            1.9335123300552368
         ],
         [
            1.0,
            -1.0642569350238773e-06,
            -4.391093284539238e-07,
            2.0
         ],
         [
            1.1504558870001347e-06,
            0.9092594981193542,
            0.41623005270957947,
            1.4511080980300903
         ],
         [
            0.0,
            0.0,
            0.0,
            1.0
         ]
      ],
      [
         [
            -4.371138828673793e-08,
            -0.41623005270957947,
            0.9092594981193542,
            1.9139378070831299
         ],
         [
            1.0,
            -1.0507313845664612e-06,
            -4.3291780116305745e-07,
            2.0
         ],
         [
            1.1355806464052876e-06,
            0.9092594981193542,
            0.41623005270957947,
            1.4514343738555908
         ],
         [
            0.0,
            0.0,
            0.0,
            1.0
         ]
      ],
      [
         [
            -4.371138828673793e-08,
            -0.41623005270957947,
            0.9092594981193542,
            1.8920633792877197
         ],
         [
            1.0,
            -1.0357421160733793e-06,
            -4.2605617522895045e-07,
            2.0
         ],
         [
            1.1190954865014646e-06,
            0.9092594981193542,
            0.41623005270957947,
            1.4517990350723267
         ],
         [
            0.0,
            0.0,
            0.0,
            1.0
         ]
      ],
      [
         [
            -4.371138828673793e-08,
            -0.416230171918869,
            0.9092594385147095,
            1.8679617643356323
         ],
         [
            1.0,
            -1.0193689377047122e-06,
            -4.1856122834360576e-07,
            2.0
         ],
         [
            1.1010884009010624e-06,
            0.9092594385147095,
            0.416230171918869,
            1.4522007703781128
         ],
         [
            0.0,
            0.0,
            0.0,
            1.0
         ]
      ],
      [
         [
            -4.371138828673793e-08,
            -0.416230171918869,
            0.9092594385147095,
            1.8417061567306519
         ],
         [
            1.0,
            -1.0016921123678912e-06,
            -4.104693402950943e-07,
            2.0
         ],
         [
            1.0816474969033152e-06,
            0.9092594385147095,
            0.416230171918869,
            1.4526382684707642
         ],
         [
            0.0,
            0.0,
            0.0,
            1.0
         ]
      ],
      [
         [
            -4.371138828673793e-08,
            -0.416230171918869,
            0.9092594385147095,
            1.8133697509765625
         ],
         [
            1.0,
            -9.827915619098349e-07,
            -4.0181723193200014e-07,
            2.0
         ],
         [
            1.0608606544337817e-06,
            0.9092594385147095,
            0.416230171918869,
            1.4531105756759644
         ],
         [
            0.0,
            0.0,
            0.0,
            1.0
         ]
      ],
      [
         [
            -4.371138828673793e-08,
            -0.416230171918869,
            0.9092594385147095,
            1.7830252647399902
         ],
         [
            1.0,
            -9.627469808037858e-07,
            -3.926414535726508e-07,
            2.0
         ],
         [
            1.038815753418021e-06,
            0.9092594385147095,
            0.416230171918869,
            1.4536162614822388
         ],
         [
            0.0,
            0.0,
            0.0,
            1.0
         ]
      ],
      [
         [
            -4.371138828673793e-08,
            -0.416230171918869,
            0.9092594385147095,
            1.7507458925247192
         ],
         [
            1.0,
            -9.4163891617427e-07,
            -3.8297883975246805e-07,
            2.0
         ],
         [
            1.0156011285289424e-06,
            0.9092594385147095,
            0.416230171918869,
            1.4541542530059814
         ],
         [
            0.0,
            0.0,
            0.0,
            1.0
         ]
      ],
      [
         [
            -4.371138828673793e-08,
            -0.416230171918869,
            0.9092594385147095,
            1.716604471206665
         ],
         [
            1.0,
            -9.195468919642735e-07,
            -3.728658271029417e-07,
            2.0
         ],
         [
            9.913044323184295e-07,
            0.9092594385147095,
            0.416230171918869,
            1.4547233581542969
         ],
         [
            0.0,
            0.0,
            0.0,
            1.0
         ]
      ],
      [
         [
            -4.371138828673793e-08,
            -0.41623029112815857,
            0.9092593789100647,
            1.6806743144989014
         ],
         [
            1.0,
            -8.965510573943902e-07,
            -3.6233919331607467e-07,
            2.0
         ],
         [
            9.660137720857165e-07,
            0.9092593789100647,
            0.41623029112815857,
            1.4553221464157104
         ],
         [
            0.0,
            0.0,
            0.0,
            1.0
         ]
      ],
      [
         [
            -4.371138828673793e-08,
            -0.41623029112815857,
            0.9092593789100647,
            1.6430282592773438
         ],
         [
            1.0,
            -8.727316753720515e-07,
            -3.5143537502335676e-07,
            2.0
         ],
         [
            9.398172551300377e-07,
            0.9092593789100647,
            0.41623029112815857,
            1.4559495449066162
         ],
         [
            0.0,
            0.0,
            0.0,
            1.0
         ]
      ],
      [
         [
            -4.371138828673793e-08,
            -0.41623029112815857,
            0.9092593789100647,
            1.6037392616271973
         ],
         [
            1.0,
            -8.481684403705003e-07,
            -3.4019112149508146e-07,
            2.0
         ],
         [
            9.12802704533533e-07,
            0.9092593789100647,
            0.41623029112815857,
            1.4566043615341187
         ],
         [
            0.0,
            0.0,
            0.0,
            1.0
         ]
      ],
      [
         [
            -4.371138828673793e-08,
            -0.416230171918869,
            0.9092594385147095,
            1.5628803968429565
         ],
         [
            1.0,
            -8.229415584537492e-07,
            -3.286429262061574e-07,
            2.0
         ],
         [
            8.850582275954366e-07,
            0.9092594385147095,
            0.416230171918869,
            1.4572854042053223
         ],
         [
            0.0,
            0.0,
            0.0,
            1.0
         ]
      ],
      [
         [
            -4.371138828673793e-08,
            -0.416230171918869,
            0.9092594385147095,
            1.5205247402191162
         ],
         [
            1.0,
            -7.971308377818787e-07,
            -3.16827595270297e-07,
            2.0
         ],
         [
            8.566717042413075e-07,
            0.9092594385147095,
            0.416230171918869,
            1.457991361618042
         ],
         [
            0.0,
            0.0,
            0.0,
            1.0
         ]
      ],
      [
         [
            -4.371138828673793e-08,
            -0.41623029112815857,
            0.9092593789100647,
            1.4767452478408813
         ],
         [
            1.0,
            -7.708164844189014e-07,
            -3.047818211143749e-07,
            2.0
         ],
         [
            8.277312986137986e-07,
            0.9092593789100647,
            0.41623029112815857,
            1.4587209224700928
         ],
         [
            0.0,
            0.0,
            0.0,
            1.0
         ]
      ],
      [
         [
            -4.371138828673793e-08,
            -0.41623029112815857,
            0.9092593789100647,
            1.431614875793457
         ],
         [
            1.0,
            -7.440784202117356e-07,
            -2.92541983526462e-07,
            2.0
         ],
         [
            7.983248906384688e-07,
            0.9092593789100647,
            0.41623029112815857,
            1.4594731330871582
         ],
         [
            0.0,
            0.0,
            0.0,
            1.0
         ]
      ],
      [
         [
            -4.371138828673793e-08,
            -0.41623029112815857,
            0.9092593789100647,
            1.3852068185806274
         ],
         [
            1.0,
            -7.169966238507186e-07,
            -2.8014480335514236e-07,
            2.0
         ],
         [
            7.685404170842958e-07,
            0.9092593789100647,
            0.41623029112815857,
            1.4602465629577637
         ],
         [
            0.0,
            0.0,
            0.0,
            1.0
         ]
      ],
      [
         [
            -4.371138828673793e-08,
            -0.41623029112815857,
            0.9092593789100647,
            1.337593913078308
         ],
         [
            1.0,
            -6.896510740261874e-07,
            -2.676269161838718e-07,
            2.0
         ],
         [
            7.384659852505138e-07,
            0.9092593789100647,
            0.41623029112815857,
            1.4610401391983032
         ],
         [
            0.0,
            0.0,
            0.0,
            1.0
         ]
      ],
      [
         [
            -4.371138828673793e-08,
            -0.41623038053512573,
            0.9092593193054199,
            1.2888492345809937
         ],
         [
            1.0,
            -6.621219199587358e-07,
            -2.5502501443952497e-07,
            2.0
         ],
         [
            7.081895319061005e-07,
            0.9092593193054199,
            0.41623038053512573,
            1.4618525505065918
         ],
         [
            0.0,
            0.0,
            0.0,
            1.0
         ]
      ],
      [
         [
            -4.371138828673793e-08,
            -0.41623038053512573,
            0.9092593193054199,
            1.2390458583831787
         ],
         [
            1.0,
            -6.34489140338701e-07,
            -2.423755915970105e-07,
            2.0
         ],
         [
            6.777991075068712e-07,
            0.9092593193054199,
            0.41623038053512573,
            1.4626826047897339
         ],
         [
            0.0,
            0.0,
            0.0,
            1.0
         ]
      ],
      [
         [
            -4.371138828673793e-08,
            -0.41623029112815857,
            0.9092593789100647,
            1.188256859779358
         ],
         [
            1.0,
            -6.068326570130012e-07,
            -2.2971524060722004e-07,
            2.0
         ],
         [
            6.473825919783849e-07,
            0.9092593789100647,
            0.41623029112815857,
            1.463529109954834
         ],
         [
            0.0,
            0.0,
            0.0,
            1.0
         ]
      ],
      [
         [
            -4.371138828673793e-08,
            -0.41623038053512573,
            0.9092593193054199,
            1.1365549564361572
         ],
         [
            1.0,
            -5.792326192022301e-07,
            -2.1708088127070369e-07,
            2.0
         ],
         [
            6.170281494632945e-07,
            0.9092593193054199,
            0.41623038053512573,
            1.4643908739089966
         ],
         [
            0.0,
            0.0,
            0.0,
            1.0
         ]
      ],
      [
         [
            -4.371138828673793e-08,
            -0.41623038053512573,
            0.9092593193054199,
            1.0840137004852295
         ],
         [
            1.0,
            -5.517687782230496e-07,
            -2.0450880811040406e-07,
            2.0
         ],
         [
            5.868235462003213e-07,
            0.9092593193054199,
            0.41623038053512573,
            1.465266466140747
         ],
         [
            0.0,
            0.0,
            0.0,
            1.0
         ]
      ],
      [
         [
            -4.371138828673793e-08,
            -0.41623038053512573,
            0.9092593193054199,
            1.0307053327560425
         ],
         [
            1.0,
            -5.245213401394722e-07,
            -1.9203577039661468e-07,
            2.0
         ],
         [
            5.568568894886994e-07,
            0.9092593193054199,
            0.41623038053512573,
            1.466154932975769
         ],
         [
            0.0,
            0.0,
            0.0,
            1.0
         ]
      ],
      [
         [
            -4.371138828673793e-08,
            -0.41623038053512573,
            0.9092593193054199,
            0.9767034649848938
         ],
         [
            1.0,
            -4.975701699549973e-07,
            -1.796983752910819e-07,
            2.0
         ],
         [
            5.272161160974065e-07,
            0.9092593193054199,
            0.41623038053512573,
            1.4670549631118774
         ],
         [
            0.0,
            0.0,
            0.0,
            1.0
         ]
      ],
      [
         [
            -4.371138828673793e-08,
            -0.41623038053512573,
            0.9092593193054199,
            0.9220811128616333
         ],
         [
            1.0,
            -4.7099555899876577e-07,
            -1.675333436423898e-07,
            2.0
         ],
         [
            4.979894470125146e-07,
            0.9092593193054199,
            0.41623038053512573,
            1.4679653644561768
         ],
         [
            0.0,
            0.0,
            0.0,
            1.0
         ]
      ],
      [
         [
            -4.371138828673793e-08,
            -0.41623038053512573,
            0.9092593193054199,
            0.8669110536575317
         ],
         [
            1.0,
            -4.4487720174402057e-07,
            -1.5557718313630176e-07,
            2.0
         ],
         [
            4.692645916293259e-07,
            0.9092593193054199,
            0.41623038053512573,
            1.4688849449157715
         ],
         [
            0.0,
            0.0,
            0.0,
            1.0
         ]
      ],
      [
         [
            -4.371138828673793e-08,
            -0.4162304997444153,
            0.9092592597007751,
            0.811266303062439
         ],
         [
            1.0,
            -4.192951905679365e-07,
            -1.438666004105471e-07,
            2.0
         ],
         [
            4.411296004036558e-07,
            0.9092592597007751,
            0.4162304997444153,
            1.469812273979187
         ],
         [
            0.0,
            0.0,
            0.0,
            1.0
         ]
      ],
      [
         [
            -4.371138828673793e-08,
            -0.41623038053512573,
            0.9092593193054199,
            0.7552201747894287
         ],
         [
            1.0,
            -3.943297315345262e-07,
            -1.3243813157259865e-07,
            2.0
         ],
         [
            4.136726374781574e-07,
            0.9092593193054199,
            0.41623038053512573,
            1.4707462787628174
         ],
         [
            0.0,
            0.0,
            0.0,
            1.0
         ]
      ],
      [
         [
            -4.371138828673793e-08,
            -0.4162304997444153,
            0.9092592597007751,
            0.6988452672958374
         ],
         [
            1.0,
            -3.700606043821608e-07,
            -1.213285401036046e-07,
            2.0
         ],
         [
            3.8698158277838957e-07,
            0.9092592597007751,
            0.4162304997444153,
            1.4716858863830566
         ],
         [
            0.0,
            0.0,
            0.0,
            1.0
         ]
      ],
      [
         [
            -4.371138828673793e-08,
            -0.4162304997444153,
            0.9092592597007751,
            0.6422147750854492
         ],
         [
            1.0,
            -3.4656775937946804e-07,
            -1.1057426263505477e-07,
            2.0
         ],
         [
            3.611442593864922e-07,
            0.9092592597007751,
            0.4162304997444153,
            1.4726297855377197
         ],
         [
            0.0,
            0.0,
            0.0,
            1.0
         ]
      ],
      [
         [
            -4.371138828673793e-08,
            -0.4162304997444153,
            0.9092592597007751,
            0.5854017734527588
         ],
         [
            1.0,
            -3.2393162996413594e-07,
            -1.0021214791322564e-07,
            2.0
         ],
         [
            3.362491156622127e-07,
            0.9092592597007751,
            0.4162304997444153,
            1.4735766649246216
         ],
         [
            0.0,
            0.0,
            0.0,
            1.0
         ]
      ],
      [
         [
            -4.371138828673793e-08,
            -0.4162304997444153,
            0.9092592597007751,
            0.5284793376922607
         ],
         [
            1.0,
            -3.0223171165744134e-07,
            -9.027861125332493e-08,
            2.0
         ],
         [
            3.123836336271779e-07,
            0.9092592597007751,
            0.4162304997444153,
            1.4745253324508667
         ],
         [
            0.0,
            0.0,
            0.0,
            1.0
         ]
      ],
      [
         [
            -0.0028962292708456516,
            -0.4162287414073944,
            0.9092554450035095,
            0.4715205430984497
         ],
         [
            0.9999958276748657,
            -0.0012057622661814094,
            0.002633302705362439,
            2.0
         ],
         [
            2.8961693487872253e-07,
            0.9092592597007751,
            0.4162304997444153,
            1.4754747152328491
         ],
         [
            0.0,
            0.0,
            0.0,
            1.0
         ]
      ],
      [
         [
            -0.011388099752366543,
            -0.41620349884033203,
            0.9092003107070923,
            0.41459786891937256
         ],
         [
            0.9999351501464844,
            -0.004740317817777395,
            0.010354623198509216,
            2.0
         ],
         [
            2.6794134555530036e-07,
            0.9092592597007751,
            0.4162304997444153,
            1.4764233827590942
         ],
         [
            0.0,
            0.0,
            0.0,
            1.0
         ]
      ],
      [
         [
            -0.025179272517561913,
            -0.41609853506088257,
            0.9089710116386414,
            0.35778486728668213
         ],
         [
            0.9996829628944397,
            -0.010480605065822601,
            0.02289438247680664,
            2.0
         ],
         [
            2.473302060934657e-07,
            0.9092592597007751,
            0.4162304997444153,
            1.477370262145996
         ],
         [
            0.0,
            0.0,
            0.0,
            1.0
         ]
      ],
      [
         [
            -0.04396813362836838,
            -0.4158279597759247,
            0.9083799719810486,
            0.30115455389022827
         ],
         [
            0.9990329146385193,
            -0.018301082774996758,
            0.03997833654284477,
            2.0
         ],
         [
            2.2775667218866147e-07,
            0.9092592597007751,
            0.4162304997444153,
            1.4783140420913696
         ],
         [
            0.0,
            0.0,
            0.0,
            1.0
         ]
      ],
      [
         [
            -0.06744403392076492,
            -0.4152827560901642,
            0.9071889519691467,
            0.2447798252105713
         ],
         [
            0.9977230429649353,
            -0.028072454035282135,
            0.06132402643561363,
            2.0
         ],
         [
            2.0919405585573259e-07,
            0.9092592597007751,
            0.4162304997444153,
            1.4792536497116089
         ],
         [
            0.0,
            0.0,
            0.0,
            1.0
         ]
      ],
      [
         [
            -0.09528124332427979,
            -0.41433680057525635,
            0.9051225185394287,
            0.18873345851898193
         ],
         [
            0.9954503774642944,
            -0.039659131318330765,
            0.0866352766752243,
            2.0
         ],
         [
            1.916155980552503e-07,
            0.9092592597007751,
            0.4162304997444153,
            1.4801877737045288
         ],
         [
            0.0,
            0.0,
            0.0,
            1.0
         ]
      ],
      [
         [
            -0.12713494896888733,
            -0.41285306215286255,
            0.9018809795379639,
            0.13308894634246826
         ],
         [
            0.9918854236602783,
            -0.052917614579200745,
            0.11559855937957764,
            2.0
         ],
         [
            1.749945539586406e-07,
            0.9092592597007751,
            0.41623061895370483,
            1.4811152219772339
         ],
         [
            0.0,
            0.0,
            0.0,
            1.0
         ]
      ],
      [
         [
            -0.16263724863529205,
            -0.4106888473033905,
            0.8971533179283142,
            0.07791852951049805
         ],
         [
            0.9866859316825867,
            -0.06769473850727081,
            0.14787934720516205,
            2.0
         ],
         [
            1.593041929481842e-07,
            0.9092592597007751,
            0.41623061895370483,
            1.482034683227539
         ],
         [
            0.0,
            0.0,
            0.0,
            1.0
         ]
      ],
      [
         [
            -0.20139330625534058,
            -0.4077022075653076,
            0.8906289339065552,
            0.023296236991882324
         ],
         [
            0.9795104265213013,
            -0.08382618427276611,
            0.18311865627765656,
            2.0
         ],
         [
            1.445177701953071e-07,
            0.9092592597007751,
            0.41623061895370483,
            1.4829450845718384
         ],
         [
            0.0,
            0.0,
            0.0,
            1.0
         ]
      ],
      [
         [
            -0.24298031628131866,
            -0.40375664830207825,
            0.8820098638534546,
            -0.030705690383911133
         ],
         [
            0.970031201839447,
            -0.10113596171140671,
            0.22093205153942108,
            2.0
         ],
         [
            1.3060852666058054e-07,
            0.9092592597007751,
            0.41623061895370483,
            1.4838451147079468
         ],
         [
            0.0,
            0.0,
            0.0,
            1.0
         ]
      ],
      [
         [
            -0.28694793581962585,
            -0.3987264931201935,
            0.8710214495658875,
            -0.08401370048522949
         ],
         [
            0.9579461812973022,
            -0.11943661421537399,
            0.2609100043773651,
            2.0
         ],
         [
            1.175497388317126e-07,
            0.9092592597007751,
            0.41623061895370483,
            1.4847335815429688
         ],
         [
            0.0,
            0.0,
            0.0,
            1.0
         ]
      ],
      [
         [
            -0.3328196406364441,
            -0.39250147342681885,
            0.8574228286743164,
            -0.13655519485473633
         ],
         [
            0.9429904818534851,
            -0.13852980732917786,
            0.3026192784309387,
            2.0
         ],
         [
            1.05314676090984e-07,
            0.9092592597007751,
            0.41623061895370483,
            1.4856092929840088
         ],
         [
            0.0,
            0.0,
            0.0,
            1.0
         ]
      ],
      [
         [
            -0.3800969123840332,
            -0.3849910795688629,
            0.8410162925720215,
            -0.18825721740722656
         ],
         [
            0.924946665763855,
            -0.15820804238319397,
            0.34560659527778625,
            2.0
         ],
         [
            9.387655808268391e-08,
            0.9092592597007751,
            0.41623061895370483,
            1.4864710569381714
         ],
         [
            0.0,
            0.0,
            0.0,
            1.0
         ]
      ],
      [
         [
            -0.42826512455940247,
            -0.37612807750701904,
            0.8216549754142761,
            -0.23904621601104736
         ],
         [
            0.9036531448364258,
            -0.17825710773468018,
            0.3894039988517761,
            2.0
         ],
         [
            8.320866129452043e-08,
            0.9092592597007751,
            0.41623061895370483,
            1.487317442893982
         ],
         [
            0.0,
            0.0,
            0.0,
            1.0
         ]
      ],
      [
         [
            -0.4767995774745941,
            -0.3658716678619385,
            0.7992498278617859,
            -0.28884947299957275
         ],
         [
            0.8790120482444763,
            -0.19845862686634064,
            0.4335343837738037,
            2.0
         ],
         [
            7.328426931962895e-08,
            0.9092592597007751,
            0.41623061895370483,
            1.488147497177124
         ],
         [
            0.0,
            0.0,
            0.0,
            1.0
         ]
      ],
      [
         [
            -0.5251749753952026,
            -0.3542098104953766,
            0.7737743854522705,
            -0.33759427070617676
         ],
         [
            0.8509942293167114,
            -0.21859395503997803,
            0.4775201976299286,
            2.0
         ],
         [
            6.407658759144397e-08,
            0.9092592597007751,
            0.41623061895370483,
            1.4889599084854126
         ],
         [
            0.0,
            0.0,
            0.0,
            1.0
         ]
      ],
      [
         [
            -0.5728751420974731,
            -0.34116023778915405,
            0.7452676892280579,
            -0.3852071762084961
         ],
         [
            0.8196426630020142,
            -0.2384481430053711,
            0.5208920240402222,
            2.0
         ],
         [
            5.555893878295137e-08,
            0.9092592597007751,
            0.4162304997444153,
            1.4897534847259521
         ],
         [
            0.0,
            0.0,
            0.0,
            1.0
         ]
      ],
      [
         [
            -0.6194024085998535,
            -0.3267715573310852,
            0.7138354778289795,
            -0.43161535263061523
         ],
         [
            0.7850736379623413,
            -0.2578141987323761,
            0.5631973743438721,
            2.0
         ],
         [
            4.770453188029933e-08,
            0.9092592597007751,
            0.4162304997444153,
            1.4905269145965576
         ],
         [
            0.0,
            0.0,
            0.0,
            1.0
         ]
      ],
      [
         [
            -0.6642892956733704,
            -0.3111220896244049,
            0.6796490550041199,
            -0.4767451286315918
         ],
         [
            0.7474755644798279,
            -0.276497483253479,
            0.6040111780166626,
            2.0
         ],
         [
            4.048663626576854e-08,
            0.9092592597007751,
            0.4162304997444153,
            1.491279125213623
         ],
         [
            0.0,
            0.0,
            0.0,
            1.0
         ]
      ],
      [
         [
            -0.7071071267127991,
            -0.2943193018436432,
            0.6429430246353149,
            -0.5205247402191162
         ],
         [
            0.7071064114570618,
            -0.29431962966918945,
            0.6429436206817627,
            2.0
         ],
         [
            3.387849645264396e-08,
            0.9092592597007751,
            0.41623061895370483,
            1.4920088052749634
         ],
         [
            0.0,
            0.0,
            0.0,
            1.0
         ]
      ],
      [
         [
            -0.7474758625030518,
            -0.27649736404418945,
            0.604010820388794,
            -0.5628807544708252
         ],
         [
            0.6642889380455017,
            -0.311122328042984,
            0.679649293422699,
            2.0
         ],
         [
            2.7853438666625152e-08,
            0.9092592597007751,
            0.41623061895370483,
            1.4927146434783936
         ],
         [
            0.0,
            0.0,
            0.0,
            1.0
         ]
      ],
      [
         [
            -0.7850739359855652,
            -0.25781407952308655,
            0.5631970167160034,
            -0.6037395000457764
         ],
         [
            0.6194020509719849,
            -0.3267717957496643,
            0.7138357162475586,
            2.0
         ],
         [
            2.2384625708582462e-08,
            0.9092592597007751,
            0.41623061895370483,
            1.4933956861495972
         ],
         [
            0.0,
            0.0,
            0.0,
            1.0
         ]
      ],
      [
         [
            -0.819642961025238,
            -0.23844797909259796,
            0.5208916068077087,
            -0.643028736114502
         ],
         [
            0.5728747248649597,
            -0.34116047620773315,
            0.7452678680419922,
            2.0
         ],
         [
            1.7445351829792344e-08,
            0.9092592597007751,
            0.41623061895370483,
            1.4940505027770996
         ],
         [
            0.0,
            0.0,
            0.0,
            1.0
         ]
      ],
      [
         [
            -0.8509945273399353,
            -0.21859371662139893,
            0.47751984000205994,
            -0.6806745529174805
         ],
         [
            0.5251745581626892,
            -0.3542099595069885,
            0.7737746238708496,
            2.0
         ],
         [
            1.3008879307108145e-08,
            0.9092592597007751,
            0.41623061895370483,
            1.4946779012680054
         ],
         [
            0.0,
            0.0,
            0.0,
            1.0
         ]
      ],
      [
         [
            -0.879012405872345,
            -0.19845829904079437,
            0.43353381752967834,
            -0.7166049480438232
         ],
         [
            0.4767989218235016,
            -0.3658718466758728,
            0.7992501258850098,
            2.0
         ],
         [
            9.048477522810572e-09,
            0.9092592597007751,
            0.41623061895370483,
            1.495276689529419
         ],
         [
            0.0,
            0.0,
            0.0,
            1.0
         ]
      ],
      [
         [
            -0.9036534428596497,
            -0.17825676500797272,
            0.38940343260765076,
            -0.7507457733154297
         ],
         [
            0.42826446890830994,
            -0.376128226518631,
            0.8216552734375,
            2.0
         ],
         [
            5.53738033204354e-09,
            0.9092592597007751,
            0.41623061895370483,
            1.4958457946777344
         ],
         [
            0.0,
            0.0,
            0.0,
            1.0
         ]
      ],
      [
         [
            -0.9249467849731445,
            -0.15820786356925964,
            0.34560641646385193,
            -0.7830252647399902
         ],
         [
            0.3800967037677765,
            -0.3849911391735077,
            0.841016411781311,
            2.0
         ],
         [
            2.4488855387971853e-09,
            0.9092592597007751,
            0.41623061895370483,
            1.496383786201477
         ],
         [
            0.0,
            0.0,
            0.0,
            1.0
         ]
      ],
      [
         [
            -0.9429905414581299,
            -0.13852965831756592,
            0.30261918902397156,
            -0.8133697509765625
         ],
         [
            0.33281949162483215,
            -0.3925015330314636,
            0.8574228882789612,
            2.0
         ],
         [
            -2.438014234940056e-10,
            0.9092592597007751,
            0.41623061895370483,
            1.496889591217041
         ],
         [
            0.0,
            0.0,
            0.0,
            1.0
         ]
      ],
      [
         [
            -0.9579463601112366,
            -0.11943624168634415,
            0.2609095573425293,
            -0.8417062759399414
         ],
         [
            0.2869473695755005,
            -0.3987264931201935,
            0.8710216283798218,
            2.0
         ],
         [
            -2.567368539985182e-09,
            0.9092592597007751,
            0.4162304997444153,
            1.4973617792129517
         ],
         [
