1.0 -7.144139824899842e-16 1.5592514937953194e-15 0.0 7.144140030276786e-16 0.9999999999999999 -1.317150857301615e-08 -5.551115123125783e-17 -1.5592514843854095e-15 1.317150857301615e-08 0.9999999999999999 -4.440892098500626e-16
1.0 -1.0385673623730173e-09 -4.754211902674721e-10 9.116440935486025e-11 1.0385673561110032e-09 0.9999999999999999 -1.317150807390962e-08 -0.0006168521368181135 4.754212039469705e-10 1.3171508073415863e-08 0.9999999999999999 0.00129024029048308
1.0 -4.101031332954733e-09 -1.877319704973257e-09 3.6137937087232785e-10 4.101031308227604e-09 0.9999999999999999 -1.3171506693336242e-08 -0.002446247450400507 1.8773197589900187e-09 1.3171506685637294e-08 0.9999999999999999 0.005117025715406065
1.0 -9.107383609983168e-09 -4.169068404281875e-09 8.064584555711463e-10 9.107383555070266e-09 0.9999999999999999 -1.31715043921386e-08 -0.005457110302458934 4.1690685242398184e-09 1.3171504354169295e-08 0.9999999999999999 0.011414475992969297
0.9999999999999999 -1.597751180646045e-08 -7.313994387737809e-09 1.4211951615550333e-09 1.5977511710124162e-08 0.9999999999999998 -1.317150130689359e-08 -0.009617457454119516 7.313994598185626e-09 1.3171501190034156e-08 0.9999999999999999 0.020116732994267306
0.9999999999999996 -2.463151027703259e-08 -1.1275519394628663e-08 2.2011068523397626e-09 2.463151012851711e-08 0.9999999999999996 -1.3171497470964949e-08 -0.01489589724580287 1.1275519719062535e-08 1.3171497193231873e-08 0.9999999999999998 0.03115779889014325
0.9999999999999992 -3.498937000552367e-08 -1.60170178443705e-08 3.141729543187921e-09 3.498936979455563e-08 0.9999999999999992 -1.317149297969896e-08 -0.02126123649186229 1.6017018305232733e-08 1.3171492419273592e-08 0.9999999999999998 0.04447210942008706
0.9999999999999987 -4.697108197575779e-08 -2.15018641563794e-08 4.238271955614437e-09 4.697108169254625e-08 0.9999999999999988 -1.3171487933636288e-08 -0.028681668274461614 2.1501864775058416e-08 1.3171486923670452e-08 0.9999999999999997 0.05999333242325822
0.9999999999999979 -6.049653380073712e-08 -2.7693385430199887e-08 5.486122223175016e-09 6.04965334359742e-08 0.9999999999999981 -1.3171482381776305e-08 -0.03712584139730857 2.7693386227028864e-08 1.3171480706422457e-08 0.9999999999999996 0.07765584486546873
0.9999999999999966 -7.548581983510773e-08 -3.4555003405119585e-08 6.880648495410924e-09 7.548581937996736e-08 0.999999999999997 -1.3171476375942395e-08 -0.04656220619017848 3.455500439937918e-08 1.3171473767529606e-08 0.9999999999999993 0.09739359014388072
0.9999999999999949 -9.185892546156229e-08 -4.205010473629106e-08 8.417095465063085e-09 9.185893050883221e-08 0.9999999999999886 1.2002991493020317e-07 -0.05695930306461683 4.205009371047158e-08 -1.2002991879288022e-07 0.9999999999999919 0.11914099484279017
0.9999999999999928 -1.0953574841751503e-07 -5.014199440636326e-08 1.0090687396768772e-08 1.0953575443605403e-07 0.9999999999999868 1.2002992140516725e-07 -0.0682854739582367 5.0141981258795324e-08 -1.2002992689750755e-07 0.9999999999999916 0.14283205197784188
0.99999999999999 -1.2843637845970926e-07 -5.87941041987957e-08 1.1897078433520392e-08 1.2843638551676063e-07 0.9999999999999846 1.2002992806145648e-07 -0.08050938598513824 5.8794088782585524e-08 -1.200299356127575e-07 0.999999999999991 0.16840060570923354
0.9999999999999867 -1.484809099476632e-07 -6.796985584223245e-08 1.3831370271333299e-08 1.4848091810607982e-07 0.9999999999999818 1.2002993473538275e-07 -0.09359947116470435 6.796983802007728e-08 -1.2002994482760773e-07 0.9999999999999905 0.19578113223974203
0.9999999999999826 -1.695890237576327e-07 -7.763248178577627e-08 1.5889074056474328e-08 1.6958903307585425e-07 0.9999999999999784 1.20029941431954e-07 -0.10752428821887272 7.7632461430014e-08 -1.2002995459756942e-07 0.9999999999999898 0.22490752534804814
0.9999999999999778 -1.9168102099076719e-07 -8.774549839784186e-08 1.806557259342867e-08 1.9168103152285416e-07 0.9999999999999745 1.2002994793696415e-07 -0.12225243633286831 8.774547539037664e-08 -1.200299647561091e-07 0.9999999999999889 0.2557140536078002
0.9999999999999721 -2.1467677617495425e-07 -9.82722613625476e-08 2.0355941821037504e-08 2.146768010605649e-07 0.9999999999999448 2.5323134043683505e-07 -0.13775209943365863 9.827220699965439e-08 -2.532313615336027e-07 0.9999999999999631 0.2881346512609664
0.9999999999999656 -2.384962016556811e-07 -1.0917604375105744e-07 2.2755707984600804e-08 2.3849622930247145e-07 0.9999999999999395 2.532313464312329e-07 -0.15399198509863044 1.0917598335633657e-07 -2.532313724692989e-07 0.9999999999999619 0.3221035372627119
0.9999999999999581 -2.6305943179491927e-07 -1.204203164734982e-07 2.5260249447711658e-08 2.6305946228911234e-07 0.9999999999999333 2.532313521158801e-07 -0.1709406428945257 1.204202498585946e-07 -2.5323138379357324e-07 0.9999999999999607 0.3575548717945245
0.9999999999999498 -2.882863717938126e-07 -1.3196836820792916e-07 2.786493835671422e-08 2.882863876339725e-07 0.9999999999999513 1.2002997123136985e-07 -0.18856657276960265 1.3196833360491782e-07 -1.20030009276048e-07 0.9999999999999841 0.39442270664572954
0.9999999999999404 -3.1409708243382533e-07 -1.4378369403461454e-07 3.056500474940549e-08 3.140970996921797e-07 0.9999999999999435 1.20029975993399e-07 -0.20683816627995744 1.4378365633354115e-07 -1.200300211554331e-07 0.9999999999999825 0.43264114322413505
0.99999999999993 -3.4041139493087083e-07 -1.5582960768587404e-07 3.3355682660385355e-08 3.404114343918085e-07 0.99999999999991 2.5323136638556784e-07 -0.22572386460016947 1.5582952148301736e-07 -2.532314194317304e-07 0.9999999999999558 0.4721443913297112
0.9999999999999185 -3.6714944352753735e-07 -1.6806944376535487e-07 3.623263733487647e-08 3.671494860879863e-07 0.9999999999999005 2.532313700486159e-07 -0.24519243408130487 1.6806935079158156e-07 -2.532314317552052e-07 0.9999999999999538 0.5128665119069793
0.999999999999906 -3.942312517506208e-07 -1.8046664216927315e-07 3.919094915261212e-08 3.9423129745043015e-07 0.9999999999998902 2.532313730996387e-07 -0.2652121082688145 1.8046654233753215e-07 -2.532314442452134e-07 0.9999999999999516 0.5547415475900681
0.9999999999998925 -4.2157670722289287e-07 -1.9298452997583126e-07 4.222614480298148e-08 4.2157675609262515e-07 0.9999999999998791 2.53231375488479e-07 -0.28575159474008516 1.9298442321935848e-07 -2.5323145684624387e-07 0.9999999999999493 0.5977037173341444
0.9999999999998781 -4.491058308099188e-07 -2.0558655289471634e-07 4.533345387969234e-08 4.4910590468428827e-07 0.9999999999998346 3.593347320708642e-07 -0.306779285051213 2.0558639151535895e-07 -3.593348244009552e-07 0.9999999999999143 0.641687122547016
0.9999999999998626 -4.7673860410457065e-07 -2.1823596929273722e-07 4.850824897317807e-08 4.7673868252431504e-07 0.9999999999998217 3.5933473307152933e-07 -0.32826367915045673 2.182357979839593e-07 -3.593348371130085e-07 0.9999999999999116 0.6866258150180082
0.9999999999998461 -5.043951254976745e-07 -2.3089619209210407e-07 5.1745902673872024e-08 5.043951839678329e-07 0.9999999999998407 2.532313785195136e-07 -0.3501732769860747 2.3089606436339437e-07 -2.5323149498240196e-07 0.9999999999999413 0.7324538465364459
0.9999999999998288 -5.319951574339014e-07 -2.435306852566051e-07 5.504180400350833e-08 5.319952449429166e-07 0.9999999999997938 3.5933473303552074e-07 -0.3724767273617746 2.4353049409221706e-07 -3.5933486259262584e-07 0.9999999999999057 0.7791055940681413
0.9999999999998107 -5.594589711489165e-07 -2.561027572616311e-07 5.839101735460872e-08 5.594590631755144e-07 0.9999999999997788 3.593347319702272e-07 -0.39514211496755813 2.56102556228535e-07 -3.593348752491679e-07 0.9999999999999026 0.826514775070736
0.9999999999997918 -5.8670642977052e-07 -2.6857578869489795e-07 6.178923905864053e-08 5.867065262791119e-07 0.9999999999997633 3.593347302195941e-07 -0.41813850386538987 2.6857557787083773e-07 -3.5933488779468734e-07 0.9999999999998993 0.8746161008417253
0.9999999999997723 -6.136575759815805e-07 -2.809131776059724e-07 6.523167517258344e-08 6.136576769234254e-07 0.9999999999997471 3.5933472778922726e-07 -0.44143406232819193 2.809129570974233e-07 -3.5933490017367343e-07 0.999999999999896 0.9233431850241867
0.9999999999997521 -6.402321940379573e-07 -2.9307820374464654e-07 6.871370050731684e-08 6.402322993511191e-07 0.9999999999997304 3.5933472480359393e-07 -0.46499731511346476 2.9307797368690834e-07 -3.593349124416371e-07 0.9999999999998924 0.9726301336035266
0.9999999999997314 -6.663505333641274e-07 -3.0503435980030755e-07 7.223070186412883e-08 6.66350642973552e-07 0.9999999999997133 3.593347212278109e-07 -0.4887968862156742 3.05034120357337e-07 -3.593349244875562e-07 0.9999999999998889 1.0224112693494756
0.9999999999997105 -6.919324910812765e-07 -3.1674508866898477e-07 7.577776672818004e-08 6.919326470896203e-07 0.9999999999996393 4.925361072318762e-07 -0.5128010836079958 3.167447478671349e-07 -4.925363263980012e-07 0.9999999999998285 1.072620797484406
0.9999999999996891 -7.168980297033048e-07 -3.2817341726130767e-07 7.93504018048452e-08 7.168981476273976e-07 0.9999999999996784 3.593347124799237e-07 -0.5369784163938842 3.281731596548548e-07 -3.59334947746727e-07 0.9999999999998815 1.1231925033948353
0.9999999999996678 -7.411670718328643e-07 -3.3928314251040323e-07 8.294414310938691e-08 7.411672389420121e-07 0.999999999999604 4.925360975811634e-07 -0.5612976913876926 3.392827774587317e-07 -4.925363490465497e-07 0.9999999999998211 1.174060822820255
0.9999999999996464 -7.64659894667983e-07 -3.500374232996783e-07 8.655421579462086e-08 7.646600670740017e-07 0.9999999999995863 4.925360922117582e-07 -0.5857272505270337 3.500370466769371e-07 -4.925363598712236e-07 0.9999999999998174 1.2251597487763102
0.9999999999996252 -7.872960320146528e-07 -3.6039954022020326e-07 9.017584856607641e-08 7.872962095243876e-07 0.9999999999995688 4.925360865663122e-07 -0.6102354853680041 3.6039915244834123e-07 -4.925363703073195e-07 0.9999999999998137 1.2764233826708096
0.9999999999996042 -8.089959400438105e-07 -3.703330805905901e-07 9.380441401418693e-08 8.08996122446172e-07 0.9999999999995515 4.925360807014946e-07 -0.6347908958588622 3.703326821307344e-07 -4.925363802993259e-07 0.99999999999981 1.3277857762930778
0.9999958060455736 0.0012046508715164396 -0.002633763000212024 9.743542905837899e-08 -0.0012046496084082304 0.9999992744072631 2.065967151695944e-06 -0.6593620903400288 0.00263376357794185 1.106803079721637e-06 0.9999965316380804 1.379180931813957
0.9999351539863989 0.004739206240807327 -0.010355083119108113 1.0106400516463054e-07 -0.004739201293462458 0.9999887696095896 2.5015976898002027e-05 -0.6839176000678528 0.01035508538335579 2.4060468600364573e-05 0.9999463843765811 1.43054354222055
0.9996829529651426 0.010479493581713278 -0.02289484145311901 1.046856379360861e-07 -0.010479482596295185 0.9999450814587008 0.0001204618868697379 -0.7084258349088233 0.02289484648139342 0.00011950239776720574 0.9997378715062115 1.4818071761150493
0.9990329358882943 0.018299971851105434 -0.039978794887586516 1.0829555918689948e-07 -0.01829995372580455 0.9998324746770041 0.0003664353850835019 -0.7328552112282776 0.03997880318429226 0.0003655290778829362 0.999200461211085 1.5329059891013441
0.9977230617889259 0.02807133983682326 -0.06132448005728848 1.1188929294192462e-07 -0.02807131246788483 0.9996055512562162 0.0008621566484902529 -0.7571744117943613 0.06132449258543903 0.0008612650705453426 0.9981175105325109 1.5837741459385202
0.995450396897265 0.03965801807775245 -0.08663572542099628 1.154620816734564e-07 -0.03965798095233914 0.9992118286036256 0.0017222442865392049 -0.7813519522093781 0.08663574241536517 0.001721389189948456 0.9962385682934561 1.6343460190147912
0.9918854347125169 0.05291649641142213 -0.11559900005061095 1.1900927932018135e-07 -0.05291643751306022 0.9985942201156626 0.003071513066569788 -0.805356158756896 0.11559902701185505 0.0030704981894906502 0.9932912145965959 1.684555280746914
0.9866859375952927 0.06769361999849445 -0.1478797970082382 1.225261527793009e-07 -0.06769355098044823 0.9976934343622615 0.005039264439698778 -0.8291557703223924 0.14787982860199614 0.005038337219280703 0.9889925032328147 1.734336791287833
0.9795104649696063 0.08382506546425718 -0.1831191071814702 1.2600817589358826e-07 -0.08382498214584351 0.9964503170150059 0.007754875172645337 -0.8527189982984236 0.18311914532149495 0.0077539745039104544 0.9830601479543956 1.7836236856710916
0.9700312286389302 0.10113483341313866 -0.22093248049063346 1.294506142279772e-07 -0.10113474053067205 0.9948080796957258 0.01134234675435426 -0.8760145815704672 0.22093252300881616 0.011341518531442937 0.9752231489430303 1.8323508240496342
0.957946191859932 0.11943548713556389 -0.2609104404077094 1.3284882038888668e-07 -0.11943538260778308 0.992714394725225 0.015916026095179808 -0.8990108216128498 0.26091048825677127 0.01591524168903916 0.9652317971345499 1.8804518246441364
0.9429905142896334 0.13852868067875668 -0.3026197194321213 1.3619818783894289e-07 -0.138528570855282 0.9901233793907429 0.021576112732554317 -0.9216764168477616 0.3026197697054273 0.02157540760351567 0.9528671348987624 1.9278611728125727
0.9249466836211964 0.15820691198065165 -0.34560701014258494 1.394940940535605e-07 -0.15820679709821367 0.9869973495700779 0.02840495191979873 -0.9439799168419447 0.3456070627317606 0.028404312052710847 0.9379493340510122 1.9745130287364305
0.9036531531247741 0.17825598752361962 -0.3894043936059697 1.4273160431343968e-07 -0.17825586393535434 0.9833083169559483 0.036463691227313404 -0.9658894062854004 0.3894044501804187 0.036463087050324965 0.92034483616873 2.0203411098733515
0.8790120611572926 0.19845748643295352 -0.43353479954753593 1.459063945219441e-07 -0.19845737809106517 0.979039329638029 0.04578930118640012 -0.9873737507661611 0.43353484914275126 0.04578883161462985 0.899972731519205 2.0652796939521814
0.8509942807330821 0.21859280364371433 -0.4775205967859029 1.4901370848363626e-07 -0.21859270202266728 0.9741853380701385 0.05639288706565287 -1.008401490695772 0.47752064330457356 0.05639249315600994 0.8768089426629018 2.1092632075572153
0.8196426784338887 0.23844700757189713 -0.5208924114149951 1.5204890413400562e-07 -0.23844695958693232 0.968753775314248 0.06825811510831019 -1.0289409771670426 0.5208924333808936 0.068257947481587 0.8508889031196329 2.1522253773012916
0.7850736804231445 0.25781306558537237 -0.5631977801095552 1.550072212808118e-07 -0.25781304302883423 0.9627648025400258 0.08134107101752244 -1.0489607009730353 0.5631977904351817 0.08134099952384194 0.8223088778831172 2.1941005213765425
0.7474755980607487 0.27649634239563703 -0.6040115917311195 1.5788415019812874e-07 -0.2764963440593468 0.9562510469942954 0.09557042871165182 -1.0684290223617554 0.6040115909695288 0.09557043352495727 0.7912245510664532 2.234822099992999
0.7071064544667469 0.2943184884377957 -0.6429440795397041 1.606749764349047e-07 -0.2943184522500651 0.9492571996556288 0.11084862456106385 -1.0873148786926128 0.6429440961052465 0.11084852847757903 0.7578492548111153 2.2743254068722543
0.6642889845905101 0.31112118231652425 -0.6796497295413846 1.6337491537399274e-07 -0.3111211748703759 0.9418391945956467 0.12705331979409554 -1.1055865126662545 0.6796497329499851 0.1270533015603757 0.7224497899948634 2.31254421824563
0.6194020897131927 0.3267706536380985 -0.7138361094676143 1.65979599398014e-07 -0.3267706618899106 0.9340626621060916 0.14404123641274125 -1.1232123929228484 0.7138361056902065 0.14404125513272706 0.6853394276071011 2.3494119447046726
0.5728747509685173 0.3411593260267313 -0.7452682966340013 1.6848415107517667e-07 -0.34115936640594885 0.9260019277192325 0.16164998166952207 -1.1401611499557096 0.7452682781497216 0.16165006688910377 0.6468728232492824 2.38486349602081
0.5251745948080222 0.3542088208247941 -0.7737750036141892 1.7088390658059893e-07 -0.35420888336781886 0.9177380010587053 0.17970261087723444 -1.1564009363837155 0.7737749749840405 0.17970273415471671 0.607436593749312 2.418832165238231
0.4767989551133901 0.36587070725525406 -0.7992505126525221 1.731742864663488e-07 -0.3658708116502556 0.9093570508300721 0.19801086659074205 -1.171900698721472 0.7992504648639015 0.19801105948449846 0.5674419042833053 2.451252979675721
0.42826450838195607 0.376127050809796 -0.8216556167333651 1.7535075835795055e-07 -0.3761272052295414 0.9009485878826373 0.2163792214573667 -1.186628598743052 0.8216555460450419 0.2163794898815663 0.5273159204992935 2.4820589659746624
0.3800967329383644 0.38498996523442836 -0.8410167657534393 1.774084674721621e-07 -0.38499017243730405 0.8926036490306686 0.23460880815483 -1.2005534654157035 0.8410166709027096 0.23460914817186596 0.48749308390765383 2.5111854674751304
0.3328195369568511 0.3925003547810718 -0.8574232486447751 1.793429027507898e-07 -0.39250059161340023 0.8844129927658178 0.2525013738777286 -1.213643658987432 0.857423140230632 0.25250174202120346 0.4484065441909826 2.538565944387156
0.2869474083269474 0.39872534196951204 -0.8710219782105064 1.8114915567579715e-07 -0.398725691744728 0.8764657850317832 0.26986209517327236 -1.2258675122406542 0.8710218180947802 0.26986261197119504 0.4104816232950605 2.564134656129193
0.24297988595274475 0.4037554928329524 -0.8820103610670404 1.8282274760750283e-07 -0.4037558733029337 0.8688485200347495 0.286502083773942 -1.237193683134274 0.8820101869002288 0.28650261995424264 0.37413136591787954 2.5878257132642446
0.2013926479434666 0.4077010192335718 -0.8906294854035689 1.8435917903403265e-07 -0.40770147214777314 0.861643646627633 0.30224118818383033 -1.2475906311532632 0.8906292780741365 0.3022417991313274 0.33974900131567837 2.609572792786667
0.16263681777817146 0.41068773119792457 -0.8971537510073126 1.8575370530626856e-07 -0.4106881336492412 0.8549292648750311 0.3169088337991574 -1.2570269959461333 0.8971535667781145 0.3169093553427229 0.30770755290302343 2.629310538065079
0.12713475094857504 0.4128519237761841 -0.9018813913899919 1.8700141746208487e-07 -0.41285233984777175 0.8487786108996049 0.3303449941524122 -1.265471110295301 0.9018812009258558 0.33034551414184676 0.27835614004885023 2.646973208517935
0.09528080275367828 0.414335872881959 -0.9051228386632169 1.8809810331532617e-07 -0.414336225678208 0.8432599555278717 0.3424005541670002 -1.2728916504700625 0.9051226771644558 0.3424009810825268 0.2520208472257233 2.662494381902623
0.06744359251009234 0.4152818299243533 -0.9071892655692159 1.8903858789443007e-07 -0.4152822021580902 0.8384372213600729 0.3529358559408884 -1.2792569309424426 0.9071890951725885 0.3529362939294865 0.22900637114992972 2.6758088504432123
0.043967807439162274 0.4158270316356115 -0.9083802682082591 1.898186581250627e-07 -0.41582743024328483 0.8343700976613626 0.36182051957543043 -1.2845356279817375 0.9083800857384858 0.3618209776805161 0.20959770977769923 2.6868501918970917
0.025179064639588127 0.41609749179220157 -0.9089713372973397 1.9043340548918763e-07 -0.41609800361458604 0.8311150299340122 0.36893123804544103 -1.2886960743703642 0.9089711030015373 0.3689318153019941 0.19406403470541336 2.695552665682715
0.01138801219951469 0.4162024644582701 -0.9092006498881345 1.9087828917463412e-07 -0.41620299062390964 0.8287257626911926 0.37415061251802756 -1.2917063326454297 0.9092004090264465 0.3741511978208326 0.18266224950815288 2.701849081657138
0.002896022628190167 0.4162277114165063 -0.909255797508003 1.911486893213521e-07 -0.41622824500701 0.8272545449005357 0.37736450018489015 -1.293536233299039 0.9092555532474473 0.3773650887275942 0.17564147772748173 2.7056766846008764
-2.8212999358920933e-07 0.4162294573446361 -0.9092596102535899 1.912398377434954e-07 -0.41622999359993784 0.8267527667549217 0.3784606387603308 -1.2941529365804079 0.9092593647731742 0.3784612285316313 0.17324695111491067 2.706966599714873
-2.8212999358920933e-07 0.4162294573446361 -0.9092596102535899 -0.0013943190293261853 -0.41622999359993784 0.8267527667549217 0.3784606387603308 -1.2941529381300265 0.9092593647731742 0.3784612285316313 0.17324695111491067 2.7069665990725458
-2.8212999358920933e-07 0.4162294573446361 -0.9092596102535899 -0.005531119795314288 -0.41622999359993784 0.8267527667549217 0.3784606387603308 -1.2941529427269547 0.9092593647731742 0.3784612285316313 0.17324695111491067 2.7069665971670895
-2.8212999358920933e-07 0.4162294573446361 -0.9092596102535899 -0.012339639158712723 -0.41622999359993784 0.8267527667549217 0.3784606387603308 -1.294152950292771 0.9092593647731742 0.3784612285316313 0.17324695111491067 2.7069665940310097
-2.8212999358920933e-07 0.4162294573446361 -0.9092596102535899 -0.02174990126655496 -0.41622999359993784 0.8267527667549217 0.3784606387603308 -1.2941529607497164 0.9092593647731742 0.3784612285316313 0.17324695111491067 2.7069665896965383
-2.8212999358920933e-07 0.4162294573446361 -0.9092596102535899 -0.03369121501013761 -0.41622999359993784 0.8267527667549217 0.3784606387603308 -1.294152974019237 0.9092593647731742 0.3784612285316313 0.17324695111491067 2.706966584196236
-2.8212999358920933e-07 0.4162294573446361 -0.9092596102535899 -0.04809348532720503 -0.41622999359993784 0.8267527667549217 0.3784606387603308 -1.294152990023441 0.9092593647731742 0.3784612285316313 0.17324695111491067 2.70696657756239
-2.8212999358920933e-07 0.4162294573446361 -0.9092596102535899 -0.06488661715550093 -0.41622999359993784 0.8267527667549217 0.3784606387603308 -1.2941530086844368 0.9092593647731742 0.3784612285316313 0.17324695111491067 2.7069665698272862
-2.8212999358920933e-07 0.4162294573446361 -0.9092596102535899 -0.08399980017703257 -0.41622999359993784 0.8267527667549217 0.3784606387603308 -1.2941530299235382 0.9092593647731742 0.3784612285316313 0.17324695111491067 2.7069665610235414
-2.8212999358920933e-07 0.4162294573446361 -0.9092596102535899 -0.10536305853883343 -0.41622999359993784 0.8267527667549217 0.3784606387603308 -1.2941530536629862 0.9092593647731742 0.3784612285316313 0.17324695111491067 2.706966551183387
-2.8212999358920933e-07 0.4162294573446361 -0.9092596102535899 -0.12890605876006878 -0.41622999359993784 0.8267527667549217 0.3784606387603308 -1.2941530798246237 0.9092593647731742 0.3784612285316313 0.17324695111491067 2.7069665403392187
-2.8212999358920933e-07 0.4162294573446361 -0.9092596102535899 -0.1545583481506143 -0.41622999359993784 0.8267527667549217 0.3784606387603308 -1.2941531083301623 0.9092593647731742 0.3784612285316313 0.17324695111491067 2.7069665285234885
-2.8212999358920933e-07 0.4162294573446361 -0.9092596102535899 -0.18224995085750328 -0.41622999359993784 0.8267527667549217 0.3784606387603308 -1.2941531391018426 0.9092593647731742 0.3784612285316313 0.17324695111491067 2.7069665157684284
-2.8212999358920933e-07 0.4162294573446361 -0.9092596102535899 -0.21190993735345365 -0.41622999359993784 0.8267527667549217 0.3784606387603308 -1.2941531720608457 0.9092593647731742 0.3784612285316313 0.17324695111491067 2.706966502106708
-2.8212999358920933e-07 0.4162294573446361 -0.9092596102535899 -0.24346857020407775 -0.41622999359993784 0.8267527667549217 0.3784606387603308 -1.2941532071296777 0.9092593647731742 0.3784612285316313 0.17324695111491067 2.70696648757045
-2.8212999358920933e-07 0.4162294573446361 -0.9092596102535899 -0.27685527750996175 -0.41622999359993784 0.8267527667549217 0.3784606387603308 -1.2941532442299168 0.9092593647731742 0.3784612285316313 0.17324695111491067 2.7069664721921614
-2.8212999358920933e-07 0.4162294573446361 -0.9092596102535899 -0.31199996420885 -0.41622999359993784 0.8267527667549217 0.3784606387603308 -1.2941532832836717 0.9092593647731742 0.3784612285316313 0.17324695111491067 2.7069664560041273
-4.371140025268451e-08 0.416229457344587 -0.909259610253655 -0.3488319391920387 -0.4162299935996933 0.8267528080604075 0.3784605485281528 -1.2941533242123884 0.9092593647733288 0.378461138299379 0.1732471482280184 2.7069664390389097
-4.371140025268451e-08 0.416229457344587 -0.909259610253655 -0.38728110739727195 -0.4162299935996933 0.8267528080604075 0.3784605485281528 -1.294153366938175 0.9092593647733288 0.378461138299379 0.1732471482280184 2.7069664213287945
-4.371140025268451e-08 0.416229457344587 -0.909259610253655 -0.4272772545530048 -0.4162299935996933 0.8267528080604075 0.3784605485281528 -1.294153411383008 0.9092593647733288 0.378461138299379 0.1732471482280184 2.706966402906124
-4.371140025268451e-08 0.416229457344587 -0.909259610253655 -0.4687499279691125 -0.4162299935996933 0.8267528080604075 0.3784605485281528 -1.294153457468598 0.9092593647733288 0.378461138299379 0.1732471482280184 2.7069663838033486
-4.371140025268451e-08 0.416229457344587 -0.909259610253655 -0.5116286749554706 -0.4162299935996933 0.8267528080604075 0.3784605485281528 -1.2941535051166562 0.9092593647733288 0.378461138299379 0.1732471482280184 2.7069663640529207
-4.371140025268451e-08 0.416229457344587 -0.909259610253655 -0.555843758077692 -0.4162299935996933 0.8267528080604075 0.3784605485281528 -1.2941535542496883 0.9092593647733288 0.378461138299379 0.1732471482280184 2.706966343686961
-4.371140025268451e-08 0.416229457344587 -0.909259610253655 -0.6013241285992046 -0.4162299935996933 0.8267528080604075 0.3784605485281528 -1.2941536047887428 0.9092593647733288 0.378461138299379 0.1732471482280184 2.7069663227381957
-4.371140025268451e-08 0.416229457344587 -0.909259610253655 -0.6479998106670419 -0.4162299935996933 0.8267528080604075 0.3784605485281528 -1.294153656656061 0.9092593647733288 0.378461138299379 0.1732471482280184 2.706966301238857
-4.371140025268451e-08 0.416229457344587 -0.909259610253655 -0.6958008284282378 -0.4162299935996933 0.8267528080604075 0.3784605485281528 -1.2941537097738836 0.9092593647733288 0.378461138299379 0.1732471482280184 2.706966279221176
-2.8212999358920933e-07 0.4162294573446361 -0.9092596102535899 -0.7446562523555096 -0.41622999359993784 0.8267527667549217 0.3784606387603308 -1.2941537640633916 0.9092593647731742 0.3784612285316313 0.17324695111491067 2.7069662567178234
-2.8212999358920933e-07 0.4162294573446361 -0.9092596102535899 -0.7944961065958909 -0.41622999359993784 0.8267527667549217 0.3784606387603308 -1.2941538194468258 0.9092593647731742 0.3784612285316313 0.17324695111491067 2.706966233761032
-2.8212999358920933e-07 0.4162294573446361 -0.9092596102535899 -0.8452499384592576 -0.41622999359993784 0.8267527667549217 0.3784606387603308 -1.2941538758458977 0.9092593647731742 0.3784612285316313 0.17324695111491067 2.7069662103832517
-4.371140025268451e-08 0.416229457344587 -0.909259610253655 -0.8968476528833536 -0.4162299935996933 0.8267528080604075 0.3784605485281528 -1.2941539331827152 0.9092593647733288 0.378461138299379 0.1732471482280184 2.70696618661677
-4.371140025268451e-08 0.416229457344587 -0.909259610253655 -0.9492186779687648 -0.4162299935996933 0.8267528080604075 0.3784605485281528 -1.2941539913788573 0.9092593647733288 0.378461138299379 0.1732471482280184 2.706966162494093
-4.371140025268451e-08 0.416229457344587 -0.909259610253655 -1.0022927994439463 -0.4162299935996933 0.8267528080604075 0.3784605485281528 -1.2941540503562994 0.9092593647733288 0.378461138299379 0.1732471482280184 2.7069661380475614
-4.371140025268451e-08 0.416229457344587 -0.909259610253655 -1.0559999818512864 -0.4162299935996933 0.8267528080604075 0.3784605485281528 -1.2941541100372167 0.9092593647733288 0.378461138299379 0.1732471482280184 2.706966113309435
-4.371140025268451e-08 0.416229457344587 -0.909259610253655 -1.1102694148727927 -0.4162299935996933 0.8267528080604075 0.3784605485281528 -1.2941541703429225 0.9092593647733288 0.378461138299379 0.1732471482280184 2.7069660883123303
-4.371140025268451e-08 0.416229457344587 -0.909259610253655 -1.1650313014694327 -0.4162299935996933 0.8267528080604075 0.3784605485281528 -1.2941542311958563 0.9092593647733288 0.378461138299379 0.1732471482280184 2.7069660630883954
-4.371140025268451e-08 0.416229457344587 -0.909259610253655 -1.2202147717185687 -0.4162299935996933 0.8267528080604075 0.3784605485281528 -1.2941542925172658 0.9092593647733288 0.378461138299379 0.1732471482280184 2.7069660376702744
-4.371140025268451e-08 0.416229457344587 -0.909259610253655 -1.2757500881858137 -0.4162299935996933 0.8267528080604075 0.3784605485281528 -1.2941543542296563 0.9092593647733288 0.378461138299379 0.1732471482280184 2.7069660120900894
-4.371140025268451e-08 0.416229457344587 -0.909259610253655 -1.3315664405531744 -0.4162299935996933 0.8267528080604075 0.3784605485281528 -1.294154416254342 0.9092593647733288 0.378461138299379 0.1732471482280184 2.7069659863804563
-4.371140025268451e-08 0.416229457344587 -0.909259610253655 -1.387593554944461 -0.4162299935996933 0.8267528080604075 0.3784605485281528 -1.2941544785132322 0.9092593647733288 0.378461138299379 0.1732471482280184 2.7069659605737435
-4.371140025268451e-08 0.416229457344587 -0.909259610253655 -1.4437618131345753 -0.4162299935996933 0.8267528080604075 0.3784605485281528 -1.2941545409289654 0.9092593647733288 0.378461138299379 0.1732471482280184 2.7069659347020183
-4.371140025268451e-08 0.416229457344587 -0.909259610253655 -1.500000047177656 -0.4162299935996933 0.8267528080604075 0.3784605485281528 -1.2941546034224576 0.9092593647733288 0.378461138299379 0.1732471482280184 2.7069659087980615
-0.0028961100601473276 0.4162277120043655 -0.9092557969604211 -1.5562382216160917 -0.4162282512066345 0.8262510713081849 0.37955659664869984 -1.2941546659158836 0.9092555501309774 0.37955718794628035 0.1708528186314926 2.7069658828941323
-0.011388099848368808 0.4162024686123956 -0.9092006468886785 -1.6124061817829822 -0.4162030149834378 0.8247798531925032 0.38277048486847715 -1.2941547283312858 0.909200396777597 0.38277107896065077 0.16383204695894948 2.7069658570225443
-0.025179152222190835 0.41609749785745154 -0.9089713320947695 -1.6684335941974926 -0.41609805743303485 0.8223905849407113 0.3879898612094519 -1.294154790590507 0.9089710759390679 0.38799046132301107 0.15243026283691322 2.7069658312156943
-0.04396813170886095 0.41582693814133587 -0.9083802953114042 -1.7242498273555638 -0.4158275198102266 0.8191354387936245 0.3951007551003311 -1.2941548526150601 0.9083800290420898 0.3951013672823442 0.13689642949731853 2.706965805506116
-0.06744391721517733 0.41528173273789243 -0.9071892859182619 -1.779785084218164 -0.41528233940446013 0.8150683131372256 0.40398542485886313 -1.2941549143273847 0.9071890082058044 0.40398604848911684 0.11748776964738847 2.7069657799259583
-0.09528112744375873 0.4143357934826154 -0.9051228408300046 -1.8349688524905239 -0.4143364193691762 0.8102455753982102 0.4145207342606079 -1.294154975649125 0.9051225543192349 0.41452135986792626 0.09447329715781483 2.7069657545077
-0.12713506757990548 0.4128519180746683 -0.9018813493656026 -1.8897302622500058 -0.4128525984174498 0.8047269619751773 0.4265761932529302 -1.294155036501529 0.9018810379265176 0.42657685170701504 0.06813797044466874 2.706965729283985
-0.16263736488579042 0.41068773476527715 -0.8971536501939741 -1.943999933690091 -0.4106884481720679 0.7985762662417893 0.440012437930272 -1.2941550968074997 0.8971533236192267 0.4400131037920213 0.038786368872155495 2.7069657042867705
-0.20139318629284858 0.40770110833775847 -0.8906293228807243 -1.997706698864918 -0.40770186160601407 0.7918619050132749 0.4546800143306695 -1.2941551564879534 0.8906289780586552 0.45468068976910664 0.006744908693590926 2.706965679548836
-0.24298019377663152 0.40375554655512647 -0.8820102516741184 -2.050781297177257 -0.4037563661366954 0.7846570579200153 0.4704190666420701 -1.2941552154659255 0.8820098764959275 0.47041977008016655 -0.027637251696973696 2.7069656551020853
-0.2869479480501123 0.3987254170179519 -0.8710217660504761 -2.1031524414719582 -0.3987262436946587 0.7770397163029992 0.48705919750775883 -1.2941552736622 0.8710213876243096 0.4870598742573799 -0.06398766435343271 2.706965630979353
-0.3328196322315921 0.3925004179653872 -0.8574231827389693 -2.1547501558960542 -0.3925012950258161 0.769092542597995 0.5044198591681422 -1.2941553309990175 0.8574227812487168 0.5044205416288551 -0.1019121748299362 2.7069656072128714
-0.3800970463991958 0.38498997528699586 -0.8410166194833048 -2.2055037493408416 -0.3849909371330587 0.7609018467938677 0.5223125097784762 -1.2941553873978244 0.8410161791808864 0.5223132187435044 -0.14099889319346884 2.706965583835201
-0.4282652248639889 0.3761269433567648 -0.8216552924756794 -2.255343365162644 -0.37612798469662884 0.752556822939995 0.540542290088864 -1.2941554427809938 0.8216548157835196 0.5405430146875992 -0.180822047804443 2.706965560878519
-0.4767994406885148 0.36587059962014157 -0.7992502722506372 -2.304199504345653 -0.3658717257287977 0.744148385748807 0.5589106013484412 -1.2941554970712965 0.7992497567540142 0.5589113385153702 -0.22094782643784117 2.7069655383748374
-0.5251747031843675 0.35420880261244275 -0.7737749383942796 -2.352000045269691 -0.35420998138914955 0.7357674617944943 0.5772187897572166 -1.2941555501885893 0.7737743987878573 0.5772195131112142 -0.2609421649794127 2.706965516357376
-0.5728750315226953 0.3411592517227678 -0.7452681149907273 -2.39867525050037 -0.34116051088990224 0.7275034867942864 0.5952715199902449 -1.2941556020553775 0.7452675385841059 0.5952722416391653 -0.3003785183175913 2.706965494858257
-0.6194025546011676 0.3267705365502637 -0.7138357596787936 -2.444156455486909 -0.3267718325461521 0.7194426595813039 0.6128804361610913 -1.2941556525953595 0.7138351664130713 0.6128811271504717 -0.33884521418309876 2.7069654739091074
-0.6642890450408843 0.31112120847654723 -0.6796496584820468 -2.4883709425626828 -0.3111225689849553 0.7116661573960607 0.6298682620082766 -1.2941557017277292 0.6796490356845007 0.6298689340277215 -0.37595520243761754 2.7069654535434227
-0.7071068694867161 0.2943183495254987 -0.6429436866921415 -2.5312500471769095 -0.2943197841059275 0.7042480547779251 0.6460731707982842 -1.2941557493761846 0.6429430299867449 0.6460738243220313 -0.41135492426537024 2.7069654337928295
-0.7474756517835827 0.27649641079136233 -0.6040114939388177 -2.5727222437558592 -0.27649790573843974 0.6972542288743537 0.6613512292565028 -1.2941557954612448 0.6040108095994351 0.6613518542624074 -0.4447298806587099 2.706965414690274
-0.785074018222953 0.2578129612589478 -0.5631973569879024 -2.612718390911592 -0.2578145272891065 0.690740383329915 0.675580781517604 -1.2941558399060775 0.5631966401089065 0.6755813791425385 -0.4758144015536989 2.706965396267603
-0.8196432913269853 0.238446677521527 -0.5208915980908231 -2.651167678326115 -0.23844832549346107 0.6847513386459511 0.6886639240529029 -1.2941558826319968 0.5208908437014718 0.6886644946572481 -0.5043946299738391 2.7069653785574332
-0.8509944337714573 0.2185926567312527 -0.47752039130614066 -2.6880000109371722 -0.21859439049430085 0.6793198417004698 0.7005291179647524 -1.2941559235611109 0.4775195976443501 0.7005296589689987 -0.5303142754729091 2.706965361592051
-0.8790122225020507 0.19845731813427256 -0.43353454945477843 -2.723144340008192 -0.19845909884990856 0.6744657904077505 0.7111328171680243 -1.2941559626144683 0.4335337342995212 0.7111333141181059 -0.5534780129108217 2.7069653454041815
-0.9036532984176334 0.17825579498030086 -0.3894041445784477 -2.756531047314076 -0.17825762574026685 0.6701967553966315 0.7204585539233126 -1.2941559997147076 0.38940330651443444 0.7204590068919735 -0.5738500538153297 2.7069653300258922
-0.9249468019568203 0.15820672158560956 -0.34560678059752237 -2.7880900377925686 -0.15820860349783897 0.6665076886831217 0.7285173564888805 -1.294156034783937 0.3456059191175899 0.7285177651721448 -0.5914544906410547 2.70696531548947
-0.9429905105025143 0.13852861344872777 -0.3026197620086642 -2.81774978586994 -0.13853053062501824 0.663381614217214 0.7353462626567938 -1.294156067742675 0.3026188843858864 0.7353466238275228 -0.6063721247208722 2.70696530182786
-0.9579463830149364 0.11943513060027282 -0.26090990178047385 -2.84544115015825 -0.11943709386265143 0.6607905353239901 0.7410065107918274 -1.2941560985140905 0.2609090030609234 0.7410068272321992 -0.6187369183401171 2.706965289072909
-0.9700313092636563 0.10113460029553296 -0.22093223321032054 -2.871093558758085 -0.10113659797553942 0.6586968212018989 0.7455802346417505 -1.2941561270197617 0.22093131873541785 0.7455805056206717 -0.6287281304667803 2.706965277257124
-0.979510531564707 0.08382481740435795 -0.18311886451414916 -2.8946364397700304 -0.08382684682295509 0.6570545423388348 0.7491677970545886 -1.2941561531812669 0.18311793551027733 0.7491680241301216 -0.6365650739048 2.706965266413011
-0.9866859895163286 0.06769335851022194 -0.14787957027862247 -2.9159996981318317 -0.06769542160429602 0.6558114137677712 0.7518834480594275 -1.2941561769207146 0.14787862585918254 0.7518836338061388 -0.6424974032853954 2.706965256572856
-0.9918854752965005 0.05291621807451192 -0.11559877923458302 -2.9351132387812315 -0.052918304555817273 0.6549105896340143 0.7538512934446457 -1.2941561981602134 0.11559782410916278 0.7538514399070405 -0.6467960649318366 2.7069652477689465
-0.995450427975265 0.03965772934848704 -0.08663550049941372 -2.951906012981659 -0.039659837321207 0.6542929560659496 0.7552005196940323 -1.2941562168208118 0.08663453553587716 0.7552006303926152 -0.6497433840425615 2.706965240034008
-0.9977230837380393 0.028071031172857985 -0.06132426424466779 -2.966308402508016 -0.028073157815318283 0.6538992220799087 0.7560606491370694 -1.2941562328251484 0.06132329073470893 0.7560607280980693 -0.651622305819317 2.7069652334001066
-0.9990329660317889 0.01829949499373143 -0.039978259900862026 -2.9782493586237297 -0.01830163512443965 0.6536722672296688 0.7565564203723318 -1.2941562460942715 0.03997728021637229 0.7565564721405792 -0.6527052332628434 2.7069652278999694
-0.9996829551708467 0.01047924554446271 -0.022894858673986856 -2.98766021677802 -0.010481396250007395 0.6535596349422076 0.7568024470803848 -1.2941562565518792 0.022893874148629884 0.7568024768636974 -0.6532425901144532 2.7069652235652235
-0.9999351590566639 0.004738789171755862 -0.010354784377752982 -2.9944689745599975 -0.004740947893908617 0.6535159299536147 0.7568979143252603 -1.2941562641179605 0.010353796182625545 0.756897927843674 -0.6534510890116879 2.706965220429034
-0.9999958083696837 0.0012040641131909288 -0.002633148813556075 -2.9986055369074065 -0.001206227850744888 0.6535054445409899 0.7569208538345705 -1.2941562687146237 0.002632158322573586 0.7569208572796066 -0.6535012529120893 2.7069652185236874
-0.9999999999991921 -1.2678981151867227e-06 -9.093916637767821e-08 -2.9999998087579915 -8.974112898461842e-07 0.653504712718867 0.7569224467892505 -1.2941562702639775 -9.002713698280754e-07 0.7569224467887206 -0.6535047127194769 2.70696521788147
-0.9999999999991921 -1.2678981151867227e-06 -9.093916637767821e-08 -2.9999998088189477 -8.974112898461842e-07 0.653504712718867 0.7569224467892505 -1.2935758332490945 -9.002713698280754e-07 0.7569224467887206 -0.6535047127194769 2.7056972463665847
-0.9999999999991921 -1.2678981151867227e-06 -9.093916637767821e-08 -2.99999980899977 -8.974112898461842e-07 0.653504712718867 0.7569224467892505 -1.2918539974590484 -9.002713698280754e-07 0.7569224467887206 -0.6535047127194769 2.7019358757456415
-0.9999999999991921 -1.2678981151867227e-06 -9.093916637767821e-08 -2.9999998092973854 -8.974112898461842e-07 0.653504712718867 0.7569224467892505 -1.2890200377988466 -9.002713698280754e-07 0.7569224467887206 -0.6535047127194769 2.695745057394413
-0.9999999999991921 -1.2678981151867227e-06 -9.093916637767821e-08 -2.9999998097087133 -8.974112898461842e-07 0.653504712718867 0.7569224467892505 -1.2851032787919803 -9.002713698280754e-07 0.7569224467887206 -0.6535047127194769 2.687188851080833
-0.9999999999991921 -1.2678981151867227e-06 -9.093916637767821e-08 -2.9999998102306895 -8.974112898461842e-07 0.653504712718867 0.7569224467892505 -1.2801328961064908 -9.002713698280754e-07 0.7569224467887206 -0.6535047127194769 2.676330991396349
