-0.40673887729644775 -0.14605696499347687 0.9017932415008545 5.1868767738342285 0.9135444760322571 -0.06503047794103622 0.4015066623687744 2.065206527709961 1.2021145039398107e-06 0.9871366024017334 0.15987995266914368 0.9794552326202393
-0.40673887729644775 -0.14605696499347687 0.9017932415008545 5.174163818359375 0.9135444760322571 -0.06503047794103622 0.4015066623687744 2.0559442043304443 1.2021145039398107e-06 0.9871366024017334 0.15987995266914368 0.9794552326202393
-0.40673887729644775 -0.14605696499347687 0.9017932415008545 5.155297756195068 0.9135444760322571 -0.06503047794103622 0.4015066623687744 2.042238473892212 1.2021145039398107e-06 0.9871366024017334 0.15987995266914368 0.9794552326202393
-0.40673887729644775 -0.14605696499347687 0.9017932415008545 5.1321797370910645 0.9135444760322571 -0.06503047794103622 0.4015066623687744 2.025505542755127 1.2021145039398107e-06 0.9871366024017334 0.15987995266914368 0.9794552326202393
-0.40673887729644775 -0.14605696499347687 0.9017932415008545 5.106710910797119 0.9135444760322571 -0.06503047794103622 0.4015066623687744 2.00716233253479 1.2021145039398107e-06 0.9871366024017334 0.15987995266914368 0.9794552326202393
-0.40673887729644775 -0.14605696499347687 0.9017932415008545 5.080790996551514 0.9135444760322571 -0.06503047794103622 0.4015066623687744 1.9886252880096436 1.2021145039398107e-06 0.9871366024017334 0.15987995266914368 0.9794552326202393
-0.40673887729644775 -0.14605696499347687 0.9017932415008545 5.055985927581787 0.9135444760322571 -0.06503047794103622 0.4015066623687744 1.9710583686828613 1.2021145039398107e-06 0.9871366024017334 0.15987995266914368 0.9794552326202393
-0.40673887729644775 -0.14605696499347687 0.9017932415008545 5.0325164794921875 0.9135444760322571 -0.06503047794103622 0.4015066623687744 1.9546148777008057 1.2021145039398107e-06 0.9871366024017334 0.15987995266914368 0.9794552326202393
-0.40673887729644775 -0.14605696499347687 0.9017932415008545 5.010269641876221 0.9135444760322571 -0.06503047794103622 0.4015066623687744 1.9391953945159912 1.2021145039398107e-06 0.9871366024017334 0.15987995266914368 0.9794552326202393
-0.40673887729644775 -0.14605696499347687 0.9017932415008545 4.989130020141602 0.9135444760322571 -0.06503047794103622 0.4015066623687744 1.9247002601623535 1.2021145039398107e-06 0.9871366024017334 0.15987995266914368 0.9794552326202393
-0.40673887729644775 -0.14605696499347687 0.9017932415008545 4.968985557556152 0.9135444760322571 -0.06503047794103622 0.4015066623687744 1.9110302925109863 1.2021145039398107e-06 0.9871366024017334 0.15987995266914368 0.9794552326202393
-0.40673887729644775 -0.14605696499347687 0.9017932415008545 4.94972038269043 0.9135444760322571 -0.06503047794103622 0.4015066623687744 1.8980863094329834 1.2021145039398107e-06 0.9871366024017334 0.15987995266914368 0.9794552326202393
-0.40673887729644775 -0.14605696499347687 0.9017932415008545 4.931221961975098 0.9135444760322571 -0.06503047794103622 0.4015066623687744 1.8857686519622803 1.2021145039398107e-06 0.9871366024017334 0.15987995266914368 0.9794552326202393
-0.40673887729644775 -0.14605696499347687 0.9017932415008545 4.913374423980713 0.9135444760322571 -0.06503047794103622 0.4015066623687744 1.873977780342102 1.2021145039398107e-06 0.9871366024017334 0.15987995266914368 0.9794552326202393
-0.40673887729644775 -0.14605696499347687 0.9017932415008545 4.896064758300781 0.9135444760322571 -0.06503047794103622 0.4015066623687744 1.862614393234253 1.2021145039398107e-06 0.9871366024017334 0.15987995266914368 0.9794552326202393
-0.40673887729644775 -0.14605696499347687 0.9017932415008545 4.879179954528809 0.9135444760322571 -0.06503047794103622 0.4015066623687744 1.8515794277191162 1.2021145039398107e-06 0.9871366024017334 0.15987995266914368 0.9794552326202393
-0.40673887729644775 -0.14605696499347687 0.9017932415008545 4.862605094909668 0.9135444760322571 -0.06503047794103622 0.4015066623687744 1.840773105621338 1.2021145039398107e-06 0.9871366024017334 0.15987995266914368 0.9794552326202393
-0.40673887729644775 -0.14605696499347687 0.9017932415008545 4.846225261688232 0.9135444760322571 -0.06503047794103622 0.4015066623687744 1.8300961256027222 1.2021145039398107e-06 0.9871366024017334 0.15987995266914368 0.9794552326202393
-0.40673887729644775 -0.14605696499347687 0.9017932415008545 4.829927921295166 0.9135444760322571 -0.06503047794103622 0.4015066623687744 1.8194489479064941 1.2021145039398107e-06 0.9871366024017334 0.15987995266914368 0.9794552326202393
-0.40673887729644775 -0.14605696499347687 0.9017932415008545 4.813597679138184 0.9135444760322571 -0.06503047794103622 0.4015066623687744 1.808732509613037 1.2021145039398107e-06 0.9871366024017334 0.15987995266914368 0.9794552326202393
-0.40673887729644775 -0.14605696499347687 0.9017932415008545 4.797121524810791 0.9135444760322571 -0.06503047794103622 0.4015066623687744 1.7978472709655762 1.2021145039398107e-06 0.9871366024017334 0.15987995266914368 0.9794552326202393
-0.40673887729644775 -0.14605696499347687 0.9017932415008545 4.7803850173950195 0.9135444760322571 -0.06503047794103622 0.4015066623687744 1.7866935729980469 1.2021145039398107e-06 0.9871366024017334 0.15987995266914368 0.9794552326202393
-0.40673887729644775 -0.14605696499347687 0.9017932415008545 4.763274669647217 0.9135444760322571 -0.06503047794103622 0.4015066623687744 1.775172233581543 1.2021145039398107e-06 0.9871366024017334 0.15987995266914368 0.9794552326202393
-0.40673887729644775 -0.14605696499347687 0.9017932415008545 4.745675563812256 0.9135444760322571 -0.06503047794103622 0.4015066623687744 1.7631839513778687 1.2021145039398107e-06 0.9871366024017334 0.15987995266914368 0.9794552326202393
-0.40648531913757324 -0.14607501029968262 0.9019046425819397 4.727492809295654 0.9136573076248169 -0.06498993933200836 0.40125638246536255 1.7506605386734009 1.2021145039398107e-06 0.9871366024017334 0.15987995266914368 0.9794552326202393
-0.4057180881500244 -0.1461295187473297 0.9022412300109863 4.708706378936768 0.9139982461929321 -0.06486727297306061 0.40049901604652405 1.7376606464385986 1.2021145039398107e-06 0.9871366024017334 0.15987995266914368 0.9794552326202393
-0.4044267535209656 -0.14622099697589874 0.9028059840202332 4.689312934875488 0.9145703911781311 -0.06466081738471985 0.39922428131103516 1.724273681640625 1.2021145039398107e-06 0.9871366024017334 0.15987995266914368 0.9794552326202393
-0.4026007652282715 -0.1463497430086136 0.9036009311676025 4.669311046600342 0.9153756499290466 -0.06436888128519058 0.39742177724838257 1.7105894088745117 1.2021145039398107e-06 0.9871366024017334 0.15987995266914368 0.9794552326202393
-0.4002286493778229 -0.14651596546173096 0.9046271443367004 4.64870023727417 0.9164153337478638 -0.06398962438106537 0.39508017897605896 1.6966979503631592 1.2021145039398107e-06 0.9871366024017334 0.15987995266914368 0.9794552326202393
-0.39729905128479004 -0.14671963453292847 0.9058846831321716 4.627476215362549 0.9176892042160034 -0.06352124363183975 0.39218828082084656 1.682688593864441 1.2021145039398107e-06 0.9871366024017334 0.15987995266914368 0.9794552326202393
-0.39379963278770447 -0.14696060121059418 0.9073724150657654 4.605638027191162 0.9191963076591492 -0.06296175718307495 0.3887338638305664 1.6686514616012573 1.2021145039398107e-06 0.9871366024017334 0.15987995266914368 0.9794552326202393
-0.3897179961204529 -0.14723846316337585 0.9090879559516907 4.583184719085693 0.92093425989151 -0.06230918690562248 0.38470470905303955 1.654676079750061 1.2021145039398107e-06 0.9871366024017334 0.15987995266914368 0.9794552326202393
-0.38504111766815186 -0.14755265414714813 0.9110278487205505 4.560113430023193 0.9228994250297546 -0.0615614578127861 0.38008803129196167 1.6408522129058838 1.2021145039398107e-06 0.9871366024017334 0.15987995266914368 0.9794552326202393
-0.37975552678108215 -0.14790239930152893 0.9131872057914734 4.536421775817871 0.9250868558883667 -0.06071639806032181 0.3748703896999359 1.627269983291626 1.2021145039398107e-06 0.9871366024017334 0.15987995266914368 0.9794552326202393
-0.3738471567630768 -0.14828667044639587 0.915559709072113 4.512107849121094 0.9274903535842896 -0.05977176874876022 0.36903801560401917 1.6140186786651611 1.2021145039398107e-06 0.9871366024017334 0.15987995266914368 0.9794552326202393
-0.3673016130924225 -0.14870421588420868 0.9181376695632935 4.487171173095703 0.9301018714904785 -0.0587252713739872 0.3625766634941101 1.6011883020401 1.2021145039398107e-06 0.9871366024017334 0.15987995266914368 0.9794552326202393
-0.3601040244102478 -0.14915353059768677 0.9209117889404297 4.461607933044434 0.9329121708869934 -0.057574525475502014 0.355471670627594 1.5888683795928955 1.2021145039398107e-06 0.9871366024017334 0.15987995266914368 0.9794552326202393
-0.35223937034606934 -0.14963282644748688 0.9238710403442383 4.435417652130127 0.9359099268913269 -0.056317128241062164 0.34770816564559937 1.5771490335464478 1.2021145039398107e-06 0.9871366024017334 0.15987995266914368 0.9794552326202393
-0.34369146823883057 -0.15014007687568665 0.9270029067993164 4.408596515655518 0.9390826225280762 -0.054950494319200516 0.3392702341079712 1.5661197900772095 1.2021145039398107e-06 0.9871366024017334 0.15987995266914368 0.9794552326202393
-0.33444473147392273 -0.15067292749881744 0.9302927851676941 4.381145000457764 0.9424153566360474 -0.0534721314907074 0.33014243841171265 1.5558704137802124 1.2021145039398107e-06 0.9871366024017334 0.15987995266914368 0.9794552326202393
-0.324482798576355 -0.15122872591018677 0.9337242841720581 4.353059768676758 0.9458916187286377 -0.05187942087650299 0.320308655500412 1.5464906692504883 1.2021145039398107e-06 0.9871366024017334 0.15987995266914368 0.9794552326202393
-0.313789039850235 -0.15180447697639465 0.9372790455818176 4.324338436126709 0.9494927525520325 -0.05016970634460449 0.3097524642944336 1.5380704402923584 1.2021145039398107e-06 0.9871366024017334 0.15987995266914368 0.9794552326202393
-0.3023465871810913 -0.15239690244197845 0.9409367442131042 4.294980049133301 0.9531980752944946 -0.048340294510126114 0.29845720529556274 1.5306992530822754 1.2021145039398107e-06 0.9871366024017334 0.15987995266914368 0.9794552326202393
-0.2901390492916107 -0.1530022919178009 0.9446744918823242 4.264982223510742 0.9569845199584961 -0.04638855159282684 0.28640666604042053 1.5244669914245605 1.2021145039398107e-06 0.9871366024017334 0.15987995266914368 0.9794552326202393
-0.2771492898464203 -0.15361662209033966 0.9484674334526062 4.234343528747559 0.9608268737792969 -0.044311754405498505 0.2735840082168579 1.5194635391235352 1.2021145039398107e-06 0.9871366024017334 0.15987995266914368 0.9794552326202393
-0.2633606791496277 -0.15423546731472015 0.9522882103919983 4.203060626983643 0.9646974205970764 -0.0421072393655777 0.25997278094291687 1.5157785415649414 1.2021145039398107e-06 0.9871366024017334 0.15987995266914368 0.9794552326202393
-0.24875664710998535 -0.15485399961471558 0.9561070203781128 4.1711320877075195 0.9685660004615784 -0.03977235034108162 0.24555660784244537 1.5135016441345215 1.2021145039398107e-06 0.9871366024017334 0.15987995266914368 0.9794552326202393
-0.23332123458385468 -0.1554669439792633 0.9598913788795471 4.138557434082031 0.9723997116088867 -0.03730454295873642 0.23031973838806152 1.5127227306365967 1.2021145039398107e-06 0.9871366024017334 0.15987995266914368 0.9794552326202393
-0.21706326305866241 -0.15606777369976044 0.9636008739471436 4.1053385734558105 0.976157546043396 -0.03470522537827492 0.21427090466022491 1.5133039951324463 1.2021145039398107e-06 0.9871366024017334 0.15987995266914368 0.9794552326202393
-0.20009176433086395 -0.1566464900970459 0.9671739339828491 4.071501731872559 0.9797771573066711 -0.031991828233003616 0.19751772284507751 1.5150221586227417 1.2021145039398107e-06 0.9871366024017334 0.15987995266914368 0.9794552326202393
-0.18254303932189941 -0.1571934074163437 0.9705505967140198 4.037078380584717 0.9831978678703308 -0.02918614074587822 0.18019472062587738 1.5178377628326416 1.2021145039398107e-06 0.9871366024017334 0.15987995266914368 0.9794552326202393
-0.16455595195293427 -0.15770024061203003 0.9736797213554382 4.002099514007568 0.9863677620887756 -0.02631036937236786 0.1624390035867691 1.521712064743042 1.2021145039398107e-06 0.9871366024017334 0.15987995266914368 0.9794552326202393
-0.1462724506855011 -0.15816016495227814 0.9765192866325378 3.9665961265563965 0.9892443418502808 -0.023387204855680466 0.14439068734645844 1.5266056060791016 1.2021145039398107e-06 0.9871366024017334 0.15987995266914368 0.9794552326202393
-0.127836212515831 -0.15856803953647614 0.9790374636650085 3.9305994510650635 0.9917953014373779 -0.020439624786376953 0.1261916160583496 1.5324796438217163 1.2021145039398107e-06 0.9871366024017334 0.15987995266914368 0.9794552326202393
-0.1093926727771759 -0.1589203178882599 0.9812124371528625 3.89414119720459 0.9939985871315002 -0.017490874975919724 0.10798531770706177 1.539294958114624 1.2021145039398107e-06 0.9871366024017334 0.15987995266914368 0.9794552326202393
-0.09108874201774597 -0.15921519696712494 0.9830328822135925 3.8572518825531006 0.9958427548408508 -0.014564446173608303 0.08991683274507523 1.547012448310852 1.2021145039398107e-06 0.9871366024017334 0.15987995266914368 0.9794552326202393
-0.07307202368974686 -0.15945245325565338 0.9844976663589478 3.819963216781616 0.997326672077179 -0.011683935299515724 0.07213187217712402 1.5555931329727173 1.2021145039398107e-06 0.9871366024017334 0.15987995266914368 0.9794552326202393
-0.05549027398228645 -0.1596335470676422 0.9856156706809998 3.782305955886841 0.9984592199325562 -0.008872967213392258 0.05477628856897354 1.564997911453247 1.2021145039398107e-06 0.9871366024017334 0.15987995266914368 0.9794552326202393
-0.03849131986498833 -0.1597614288330078 0.986405074596405 3.744311571121216 0.9992589354515076 -0.006155176553875208 0.037995994091033936 1.5751876831054688 1.2021145039398107e-06 0.9871366024017334 0.15987995266914368 0.9794552326202393
-0.022222282364964485 -0.1598404496908188 0.986892819404602 3.7060115337371826 0.9997530579566956 -0.0035540841054171324 0.021936235949397087 1.5861234664916992 1.2021145039398107e-06 0.9871366024017334 0.15987995266914368 0.9794552326202393
-0.006829371675848961 -0.15987621247768402 0.9871135950088501 3.6674365997314453 0.9999766945838928 -0.0010930662974715233 0.0067413304932415485 1.5977660417556763 1.2021145039398107e-06 0.9871366024017334 0.15987995266914368 0.9794552326202393
0.007542614359408617 -0.15987542271614075 0.9871085286140442 3.628618001937866 0.9999715685844421 0.0012047261698171496 -0.007445782423019409 1.6100764274597168 1.2021145039398107e-06 0.9871366024017334 0.15987995266914368 0.9794552326202393
0.020749585703015327 -0.15984556078910828 0.9869240522384644 3.589587450027466 0.9997847080230713 0.003316256683319807 -0.02048286609351635 1.6230155229568481 1.2021145039398107e-06 0.9871366024017334 0.15987995266914368 0.9794552326202393
0.032649390399456024 -0.15979476273059845 0.9866102933883667 3.5503756999969482 0.9994668960571289 0.005218797363340855 -0.032229602336883545 1.636544108390808 1.2021145039398107e-06 0.9871366024017334 0.15987995266914368 0.9794552326202393
0.043100785464048386 -0.1597314327955246 0.9862192869186401 3.5110137462615967 0.9990707039833069 0.006889766547828913 -0.042546551674604416 1.6506234407424927 1.2021145039398107e-06 0.9871366024017334 0.15987995266914368 0.9794552326202393
0.05196383222937584 -0.15966401994228363 0.985802948474884 3.4715332984924316 0.9986489415168762 0.008306790143251419 -0.05129559338092804 1.6652140617370605 1.2021145039398107e-06 0.9871366024017334 0.15987995266914368 0.9794552326202393
0.05909914895892143 -0.15960057079792023 0.9854111671447754 3.4319653511047363 0.9982520937919617 0.009447584860026836 -0.05833912268280983 1.6802772283554077 1.2021145039398107e-06 0.9871366024017334 0.15987995266914368 0.9794552326202393
0.06436777859926224 -0.15954847633838654 0.9850894808769226 3.392340898513794 0.9979262351989746 0.010289933532476425 -0.06353998184204102 1.6957736015319824 1.2021145039398107e-06 0.9871366024017334 0.15987995266914368 0.9794552326202393
0.06763115525245667 -0.15951398015022278 0.9848763942718506 3.352691411972046 0.9977104067802429 0.010811681859195232 -0.06676138192415237 1.7116644382476807 1.2021145039398107e-06 0.9871366024017334 0.15987995266914368 0.9794552326202393
0.06875006854534149 -0.15950174629688263 0.9848009347915649 3.3130481243133545 0.9976339340209961 0.010990573093295097 -0.06786589324474335 1.7279102802276611 1.2021145039398107e-06 0.9871366024017334 0.15987995266914368 0.9794552326202393
0.06874221563339233 -0.16046388447284698 0.9846451878547668 3.2734405994415283 0.9976344704627991 0.011059879325330257 -0.06784668564796448 1.7444614171981812 -3.114132368864375e-06 0.9869798421859741 0.1608445793390274 0.9809103012084961
0.06868703663349152 -0.16322354972362518 0.9841952919960022 3.2338931560516357 0.9976382851600647 0.011253206990659237 -0.0677589476108551 1.7612240314483643 -1.5496809282922186e-05 0.9865250587463379 0.1636110097169876 0.985084593296051
0.06853718310594559 -0.16759000718593597 0.9834716320037842 3.194427967071533 0.9976485371589661 0.01154789887368679 -0.06755733489990234 1.7780938148498535 -3.5096818464808166e-05 0.9857892394065857 0.1679873913526535 0.9916920065879822
0.06824544817209244 -0.17337116599082947 0.982489287853241 3.1550681591033936 0.9976685643196106 0.0119197191670537 -0.06719647347927094 1.7949659824371338 -6.106505315983668e-05 0.9847845435142517 0.1737804263830185 1.0004462003707886
0.06776448339223862 -0.18037478625774384 0.9812610149383545 3.115835666656494 0.9977013468742371 0.012342402711510658 -0.06663107126951218 1.8117361068725586 -9.255243639927357e-05 0.9835206270217896 0.1807965487241745 1.0110608339309692
0.06704692542552948 -0.18840867280960083 0.9797995090484619 3.076753854751587 0.9977498054504395 0.012787390500307083 -0.06581634283065796 1.828299880027771 -0.00012870985665358603 0.9820075631141663 0.1888420730829239 1.023249864578247
0.06604553014039993 -0.1972804069519043 0.978119969367981 3.037844657897949 0.9978166222572327 0.013223719783127308 -0.06470838189125061 1.8445525169372559 -0.00016868820239324123 0.980258047580719 0.19772303104400635 1.0367270708084106
0.0647127628326416 -0.206798255443573 0.9762412309646606 2.999130964279175 0.9979038834571838 0.013618075288832188 -0.06326401978731155 1.8603894710540771 -0.00021163839846849442 0.9782889485359192 0.20724605023860931 1.051206111907959
0.06300131976604462 -0.21677137911319733 0.9741874933242798 2.9606354236602783 0.998013436794281 0.013935147784650326 -0.061441391706466675 1.875706434249878 -0.00025671132607385516 0.976123034954071 0.21721866726875305 1.0664005279541016
0.060863837599754333 -0.2270098626613617 0.97198885679245 2.922380208969116 0.9981460571289062 0.01413801684975624 -0.05919979512691498 1.890398621559143 -0.0003030579537153244 0.9737899899482727 0.2274494767189026 1.0820245742797852
0.05825255066156387 -0.23732507228851318 0.9696822762489319 2.8843886852264404 0.9983018040657043 0.014188684523105621 -0.056499239057302475 1.9043617248535156 -0.00034982908982783556 0.9713267683982849 0.23774857819080353 1.0977915525436401
0.05512024462223053 -0.24752987921237946 0.9673112034797668 2.84668231010437 0.9984796643257141 0.014049073681235313 -0.05330124497413635 1.9174909591674805 -0.00039617568836547434 0.9687785506248474 0.2479279339313507 1.1134154796600342
0.051419053226709366 -0.25743845105171204 0.9649257659912109 2.8092849254608154 0.9986770749092102 0.013681675307452679 -0.04956739395856857 1.9296821355819702 -0.0004412486159708351 0.9661979675292969 0.2578013837337494 1.1286101341247559
0.04710141941905022 -0.2668663263320923 0.962581992149353 2.7722184658050537 0.9988899827003479 0.0130508653819561 -0.04525984451174736 1.9408304691314697 -0.00048419873928651214 0.963645339012146 0.2671848237514496 1.1430890560150146
0.042119625955820084 -0.27563032507896423 0.9603406190872192 2.7355055809020996 0.9991124272346497 0.01212404016405344 -0.0403403714299202 1.9508315324783325 -0.0005241770413704216 0.9611873626708984 0.2758963704109192 1.1565660238265991
0.03642606362700462 -0.2835479974746704 0.9582660794258118 2.699169158935547 0.9993361830711365 0.010873057879507542 -0.034769944846630096 1.959580659866333 -0.0005603344179689884 0.9588965177536011 0.2837558388710022 1.1687551736831665
0.029972901567816734 -0.29043713212013245 0.9564246535301208 2.663231134414673 0.9995505213737488 0.00927569717168808 -0.028507661074399948 1.9669733047485352 -0.0005918218521401286 0.956849217414856 0.29058462381362915 1.1793699264526367
0.02271273359656334 -0.29611560702323914 0.9548821449279785 2.627714157104492 0.9997418522834778 0.007317550480365753 -0.021510543301701546 1.9729055166244507 -0.0006177900359034538 0.9551241993904114 0.2962053716182709 1.1881240606307983
0.014597923494875431 -0.3004002571105957 0.9537016153335571 2.592641592025757 0.9998932480812073 0.004993696231395006 -0.013732031919062138 1.9772717952728271 -0.0006373900105245411 0.9538002610206604 0.30044108629226685 1.1947314739227295
0.005581185687333345 -0.30310583114624023 0.9529407024383545 2.5580358505249023 0.9999842047691345 0.002310930285602808 -0.005121664609760046 1.979968547821045 -0.0006497727590613067 0.9529542326927185 0.3031139373779297 1.1989057064056396
-0.004384308122098446 -0.3040449917316437 0.9526477456092834 2.523918867111206 0.9999901652336121 -0.0007099109352566302 0.004375616554170847 1.9808905124664307 -0.0006540890317410231 0.9526575207710266 0.3040451109409332 1.2003607749938965
-0.015778761357069016 -0.30401715636253357 0.9525359869003296 2.4903080463409424 0.9998753070831299 -0.00417441176250577 0.01523061003535986 1.980504035949707 -0.0006540890317410231 0.9526575207710266 0.3040451109409332 1.20035982131958
-0.028961937874555588 -0.3039356768131256 0.9522523880004883 2.4571969509124756 0.9995803236961365 -0.00818287767469883 0.027789609506726265 1.979349136352539 -0.0006540890317410231 0.9526575207710266 0.3040451109409332 1.2003529071807861
-0.043799009174108505 -0.3037806749343872 0.9517348408699036 2.4245734214782715 0.9990401268005371 -0.012694355100393295 0.04192415252327919 1.9774318933486938 -0.0006540890317410231 0.9526575207710266 0.3040451109409332 1.200334072113037
-0.06015270575881004 -0.30353209376335144 0.9509207010269165 2.392425298690796 0.9981889724731445 -0.017667148262262344 0.05750346556305885 1.9747591018676758 -0.0006540890317410231 0.9526575207710266 0.3040451109409332 1.2002975940704346
-0.07788406312465668 -0.3031701445579529 0.9497484564781189 2.360741138458252 0.9969621896743774 -0.023059047758579254 0.07439514249563217 1.9713374376296997 -0.0006540890317410231 0.9526575207710266 0.3040451109409332 1.2002372741699219
-0.09685201942920685 -0.30267614126205444 0.9481598138809204 2.3295085430145264 0.9952985644340515 -0.028827201575040817 0.09246478229761124 1.9671728610992432 -0.0006540890317410231 0.9526575207710266 0.3040451109409332 1.2001473903656006
-0.11691261827945709 -0.3020329475402832 0.9461013674736023 2.298715591430664 0.9931420087814331 -0.03492787480354309 0.11157523840665817 1.9622722864151 -0.0006540890317410231 0.9526575207710266 0.3040451109409332 1.2000219821929932
-0.13792042434215546 -0.3012254536151886 0.9435260891914368 2.268350124359131 0.9904431104660034 -0.04131688177585602 0.13158796727657318 1.9566419124603271 -0.0006540890317410231 0.9526575207710266 0.3040451109409332 1.1998549699783325
-0.15972866117954254 -0.30024105310440063 0.9403947591781616 2.238400459289551 0.9871607422828674 -0.047949619591236115 0.15236309170722961 1.9502885341644287 -0.0006540890317410231 0.9526575207710266 0.3040451109409332 1.1996406316757202
-0.18218855559825897 -0.2990700602531433 0.9366774559020996 2.2088539600372314 0.983263373374939 -0.05478087067604065 0.17375892400741577 1.943218469619751 -0.0006540890317410231 0.9526575207710266 0.3040451109409332 1.1993728876113892
-0.2051517814397812 -0.2977060079574585 0.9323540925979614 2.1796987056732178 0.9787299633026123 -0.061765555292367935 0.195634126663208 1.9354381561279297 -0.0006540890317410231 0.9526575207710266 0.3040451109409332 1.1990458965301514
-0.22846952080726624 -0.29614585638046265 0.9274154901504517 2.150923252105713 0.9735508561134338 -0.06885842978954315 0.21784693002700806 1.9269540309906006 -0.0006540890317410231 0.9526575207710266 0.3040451109409332 1.1986536979675293
-0.25199437141418457 -0.2943902611732483 0.9218640923500061 2.1225152015686035 0.9677284955978394 -0.0760146751999855 0.2402568906545639 1.9177727699279785 -0.0006540890317410231 0.9526575207710266 0.3040451109409332 1.1981903314590454
-0.27557989954948425 -0.2924436926841736 0.9157142639160156 2.0944626331329346 0.961277961730957 -0.08318975567817688 0.26272454857826233 1.9079008102416992 -0.0006540890317410231 0.9526575207710266 0.3040451109409332 1.1976499557495117
-0.2990826666355133 -0.29031452536582947 0.9089924693107605 2.0667531490325928 0.9542269706726074 -0.09034005552530289 0.28511324524879456 1.8973445892333984 -0.0006540890317410231 0.9526575207710266 0.3040451109409332 1.1970266103744507
-0.3223629295825958 -0.2880149185657501 0.9017370939254761 2.039375066757202 0.9466159343719482 -0.09742306172847748 0.30728986859321594 1.886110544204712 -0.0006540890317410231 0.9526575207710266 0.3040451109409332 1.1963143348693848
-0.34528404474258423 -0.2855609953403473 0.893998920917511 2.0123164653778076 0.9384980201721191 -0.10439717024564743 0.32912421226501465 1.8742053508758545 -0.0006540890317410231 0.9526575207710266 0.3040451109409332 1.195507287979126
-0.3677152991294861 -0.28297239542007446 0.8858398795127869 1.9855648279190063 0.9299381971359253 -0.11122262477874756 0.35049182176589966 1.8616352081298828 -0.0006540890317410231 0.9526575207710266 0.3040451109409332 1.1945993900299072
-0.38953039050102234 -0.2802724540233612 0.8773332834243774 1.959108591079712 0.9210134148597717 -0.11786095052957535 0.37127235531806946 1.8484067916870117 -0.0006540890317410231 0.9526575207710266 0.3040451109409332 1.1935847997665405
-0.41060954332351685 -0.2774876654148102 0.8685624003410339 1.9329357147216797 0.9118110537528992 -0.12427571415901184 0.3913517892360687 1.834526538848877 -0.0006540890317410231 0.9526575207710266 0.3040451109409332 1.1924575567245483
-0.4308387339115143 -0.27464762330055237 0.859620213508606 1.907033920288086 0.9024286866188049 -0.1304321438074112 0.41062143445014954 1.8200010061264038 -0.0006540890317410231 0.9526575207710266 0.3040451109409332 1.1912118196487427
-0.4501110315322876 -0.2717844545841217 0.850607693195343 1.8813912868499756 0.8929723501205444 -0.13629768788814545 0.42897945642471313 1.804836630821228 -0.0006540890317410231 0.9526575207710266 0.3040451109409332 1.189841628074646
-0.4683244228363037 -0.26893290877342224 0.8416338562965393 1.8559958934783936 0.8835563659667969 -0.14184124767780304 0.44632869958877563 1.7890398502349854 -0.0006540890317410231 0.9526575207710266 0.3040451109409332 1.1883410215377808
-0.485384464263916 -0.26612937450408936 0.8328129053115845 1.8308353424072266 0.8743005990982056 -0.14703403413295746 0.46257922053337097 1.772617220878601 -0.0006540890317410231 0.9526575207710266 0.3040451109409332 1.186704158782959
-0.5012011528015137 -0.2634119391441345 0.8242643475532532 1.8058980703353882 0.8653305768966675 -0.15184861421585083 0.4776453673839569 1.7555752992630005 -0.0006540890317410231 0.9526575207710266 0.3040451109409332 1.184924840927124
-0.5156900882720947 -0.260819673538208 0.8161109089851379 1.7811717987060547 0.8567749261856079 -0.15625923871994019 0.49144667387008667 1.7379204034805298 -0.0006540890317410231 0.9526575207710266 0.3040451109409332 1.182997465133667
-0.5287700891494751 -0.2583923935890198 0.8084774017333984 1.756644606590271 0.8487648367881775 -0.16024114191532135 0.5039058327674866 1.7196589708328247 -0.0006540890317410231 0.9526575207710266 0.3040451109409332 1.1809160709381104
-0.5403638482093811 -0.256169855594635 0.8014886975288391 1.732304334640503 0.841431200504303 -0.16377073526382446 0.5149492621421814 1.7007976770401 -0.0006540890317410231 0.9526575207710266 0.3040451109409332 1.1786744594573975
-0.5503952503204346 -0.2541915476322174 0.7952684760093689 1.7081390619277954 0.8349039554595947 -0.1668248176574707 0.5245044827461243 1.6813429594039917 -0.0006540890317410231 0.9526575207710266 0.3040451109409332 1.1762670278549194
-0.5587882399559021 -0.25249600410461426 0.7899377942085266 1.6841367483139038 0.8293101191520691 -0.16938012838363647 0.5324989557266235 1.6613013744354248 -0.0006540890317410231 0.9526575207710266 0.3040451109409332 1.1736875772476196
-0.5654650330543518 -0.25112035870552063 0.7856131792068481 1.660285472869873 0.8247720003128052 -0.17141301929950714 0.5388587713241577 1.6406793594360352 -0.0006540890317410231 0.9526575207710266 0.3040451109409332 1.1709303855895996
-0.5703451633453369 -0.25009962916374207 0.7824044823646545 1.6365729570388794 0.8214048743247986 -0.17289888858795166 0.5435071587562561 1.619483232498169 -0.0006540890317410231 0.9526575207710266 0.3040451109409332 1.1679893732070923
-0.5733425617218018 -0.24946624040603638 0.7804134488105774 1.6129871606826782 0.819315493106842 -0.17381154000759125 0.5463622808456421 1.597719669342041 -0.0006540890317410231 0.9526575207710266 0.3040451109409332 1.1648588180541992
-0.5743637084960938 -0.24924932420253754 0.7797315716743469 1.5895164012908936 0.8185999393463135 -0.17412246763706207 0.5473349690437317 1.575395107269287 -0.0006540890317410231 0.9526575207710266 0.3040451109409332 1.1615325212478638
-0.5743629336357117 -0.24924948811531067 0.7797320485115051 1.56615149974823 0.8186004757881165 -0.17412222921848297 0.5473341941833496 1.552520513534546 -0.0006540890317410231 0.9526575207710266 0.3040451109409332 1.1573882102966309
-0.574357271194458 -0.24925069510936737 0.7797358632087708 1.542896032333374 0.8186044692993164 -0.17412050068378448 0.5473288297653198 1.5291247367858887 -0.0006540890317410231 0.9526575207710266 0.3040451109409332 1.1518605947494507
-0.574341893196106 -0.24925397336483002 0.7797461748123169 1.51975679397583 0.8186152577400208 -0.17411580681800842 0.5473141670227051 1.5052410364151 -0.0006540890317410231 0.9526575207710266 0.3040451109409332 1.1450287103652954
-0.5743117928504944 -0.24926036596298218 0.7797662615776062 1.4967399835586548 0.8186363577842712 -0.1741066575050354 0.5472854971885681 1.4809027910232544 -0.0006540890317410231 0.9526575207710266 0.3040451109409332 1.1369723081588745
-0.5742624402046204 -0.24927085638046265 0.7797992825508118 1.4738527536392212 0.8186709880828857 -0.1740916222333908 0.5472384691238403 1.4561433792114258 -0.0006540890317410231 0.9526575207710266 0.3040451109409332 1.1277707815170288
-0.5741886496543884 -0.24928654730319977 0.779848575592041 1.4511014223098755 0.8187227845191956 -0.17406915128231049 0.5471681952476501 1.430996060371399 -0.0006540890317410231 0.9526575207710266 0.3040451109409332 1.1175036430358887
-0.5740855932235718 -0.24930846691131592 0.7799174785614014 1.4284926652908325 0.8187950253486633 -0.17403776943683624 0.5470700263977051 1.405494213104248 -0.0006540890317410231 0.9526575207710266 0.3040451109409332 1.1062501668930054
-0.5739485025405884 -0.2493375837802887 0.7800090312957764 1.4060332775115967 0.8188911080360413 -0.17399604618549347 0.546939492225647 1.3796712160110474 -0.0006540890317410231 0.9526575207710266 0.3040451109409332 1.0940899848937988
-0.5737724304199219 -0.24937500059604645 0.7801266312599182 1.3837296962738037 0.8190145492553711 -0.1739424169063568 0.5467717051506042 1.3535600900650024 -0.0006540890317410231 0.9526575207710266 0.3040451109409332 1.0811022520065308
-0.5735525488853455 -0.24942168593406677 0.7802733778953552 1.361588716506958 0.8191685080528259 -0.17387546598911285 0.5465622544288635 1.3271946907043457 -0.0006540890317410231 0.9526575207710266 0.3040451109409332 1.0673668384552002
-0.5732839703559875 -0.24947866797447205 0.7804524898529053 1.3396170139312744 0.8193565011024475 -0.17379368841648102 0.5463064312934875 1.3006078004837036 -0.0006540890317410231 0.9526575207710266 0.3040451109409332 1.0529628992080688
-0.5729615688323975 -0.24954701960086823 0.7806673645973206 1.3178210258483887 0.8195819854736328 -0.17369553446769714 0.5459994077682495 1.273833155632019 -0.0006540890317410231 0.9526575207710266 0.3040451109409332 1.0379701852798462
-0.572580873966217 -0.24962766468524933 0.7809208631515503 1.2962074279785156 0.8198480010032654 -0.1735796183347702 0.545636773109436 1.2469040155410767 -0.0006540890317410231 0.9526575207710266 0.3040451109409332 1.0224676132202148
-0.5721364617347717 -0.2497216910123825 0.7812164425849915 1.2747831344604492 0.8201581835746765 -0.17344431579113007 0.5452134609222412 1.2198535203933716 -0.0006540890317410231 0.9526575207710266 0.3040451109409332 1.0065351724624634
-0.571623682975769 -0.24983008205890656 0.7815570831298828 1.253554344177246 0.8205156922340393 -0.17328816652297974 0.5447250008583069 1.192715048789978 -0.0006540890317410231 0.9526575207710266 0.3040451109409332 0.9902520179748535
-0.5710375905036926 -0.2499537467956543 0.7819458842277527 1.2325280904769897 0.8209236264228821 -0.1731097251176834 0.5441668033599854 1.1655220985412598 -0.0006540890317410231 0.9526575207710266 0.3040451109409332 0.9736977815628052
-0.5703729391098022 -0.2500937879085541 0.782386064529419 1.2117106914520264 0.8213855624198914 -0.17290735244750977 0.5435336828231812 1.138307809829712 -0.0006540890317410231 0.9526575207710266 0.3040451109409332 0.9569516777992249
-0.5696250200271606 -0.25025108456611633 0.7828805446624756 1.1911091804504395 0.8219044208526611 -0.1726796180009842 0.5428212285041809 1.1111056804656982 -0.0006540890317410231 0.9526575207710266 0.3040451109409332 0.9400935173034668
-0.5687885880470276 -0.25042662024497986 0.7834323644638062 1.1707297563552856 0.8224835395812988 -0.17242494225502014 0.5420244932174683 1.0839488506317139 -0.0006540890317410231 0.9526575207710266 0.3040451109409332 0.923202395439148
-0.5678585171699524 -0.25062134861946106 0.7840445041656494 1.1505793333053589 0.8231258988380432 -0.17214176058769226 0.5411386489868164 1.0568708181381226 -0.0006540890317410231 0.9526575207710266 0.3040451109409332 0.9063577651977539
-0.5668299198150635 -0.25083619356155396 0.7847198247909546 1.1306644678115845 0.8238345384597778 -0.17182858288288116 0.5401588678359985 1.0299047231674194 -0.0006540890317410231 0.9526575207710266 0.3040451109409332 0.8896394371986389
-0.565697431564331 -0.2510720491409302 0.7854613065719604 1.1109917163848877 0.8246126174926758 -0.17148377001285553 0.5390801429748535 1.0030843019485474 -0.0006540890317410231 0.9526575207710266 0.3040451109409332 0.8731265664100647
-0.564456045627594 -0.25132977962493896 0.7862715125083923 1.091567873954773 0.8254628777503967 -0.17110580205917358 0.5378977060317993 0.9764422178268433 -0.0006540890317410231 0.9526575207710266 0.3040451109409332 0.8568987846374512
-0.563100278377533 -0.25161030888557434 0.787153422832489 1.072399616241455 0.8263882994651794 -0.17069301009178162 0.5366063117980957 0.9500123858451843 -0.0006540890317410231 0.9526575207710266 0.3040451109409332 0.8410353064537048
-0.561625063419342 -0.25191444158554077 0.788109540939331 1.0534933805465698 0.8273916244506836 -0.17024384438991547 0.5352010726928711 0.9238278269767761 -0.0006540890317410231 0.9526575207710266 0.3040451109409332 0.8256157636642456
-0.5600249767303467 -0.2522429823875427 0.789142370223999 1.034855842590332 0.8284754753112793 -0.169756680727005 0.5336769819259644 0.8979220986366272 -0.0006540890317410231 0.9526575207710266 0.3040451109409332 0.8107196092605591
-0.5582945942878723 -0.25259673595428467 0.790254533290863 1.0164936780929565 0.8296425342559814 -0.16922985017299652 0.5320287942886353 0.8723282814025879 -0.0006540890317410231 0.9526575207710266 0.3040451109409332 0.7964261770248413
-0.5564285516738892 -0.2529764473438263 0.7914482951164246 0.9984135627746582 0.8308952450752258 -0.1686616837978363 0.5302512645721436 0.8470798134803772 -0.0006540890317410231 0.9526575207710266 0.3040451109409332 0.7828150391578674
-0.5544209480285645 -0.25338292121887207 0.7927261590957642 0.9806221127510071 0.8322361707687378 -0.16805045306682587 0.5283390283584595 0.8222101926803589 -0.0006540890317410231 0.9526575207710266 0.3040451109409332 0.769965648651123
-0.5522665977478027 -0.253816694021225 0.7940899729728699 0.963126003742218 0.8336672782897949 -0.16739454865455627 0.5262869596481323 0.7977523803710938 -0.0006540890317410231 0.9526575207710266 0.3040451109409332 0.7579573392868042
-0.549959659576416 -0.2542785406112671 0.7955419421195984 0.9459318518638611 0.8351909518241882 -0.16669218242168427 0.524089515209198 0.7737399935722351 -0.0006540890317410231 0.9526575207710266 0.3040451109409332 0.7468695640563965
-0.5474942922592163 -0.2547689974308014 0.7970840334892273 0.9290461540222168 0.8368091583251953 -0.16594159603118896 0.5217412114143372 0.7502062320709229 -0.0006540890317410231 0.9526575207710266 0.3040451109409332 0.736781895160675
-0.5448646545410156 -0.25528866052627563 0.7987179756164551 0.9124758243560791 0.8385237455368042 -0.1651410013437271 0.5192363858222961 0.7271845936775208 -0.0006540890317410231 0.9526575207710266 0.3040451109409332 0.7277737855911255
-0.5420649647712708 -0.2558380365371704 0.8004453182220459 0.8962273001670837 0.8403363227844238 -0.16428862512111664 0.5165696144104004 0.7047081589698792 -0.0006540890317410231 0.9526575207710266 0.3040451109409332 0.7199245691299438
-0.5390889644622803 -0.2564176023006439 0.8022676110267639 0.8803071975708008 0.8422485589981079 -0.1633826047182083 0.5137348771095276 0.6828105449676514 -0.0006540890317410231 0.9526575207710266 0.3040451109409332 0.7133138179779053
-0.5359304547309875 -0.2570277452468872 0.804186224937439 0.8647222518920898 0.844261884689331 -0.16242103278636932 0.5107263326644897 0.6615247130393982 -0.0006540890317410231 0.9526575207710266 0.3040451109409332 0.7080208659172058
-0.532583475112915 -0.2576688230037689 0.8062020540237427 0.849479079246521 0.8463771939277649 -0.16140207648277283 0.5075381994247437 0.640884280204773 -0.0006540890317410231 0.9526575207710266 0.3040451109409332 0.704125165939331
-0.5290416479110718 -0.25834110379219055 0.808316171169281 0.8345843553543091 0.8485956192016602 -0.16032381355762482 0.5041645169258118 0.6209225058555603 -0.0006540890317410231 0.9526575207710266 0.3040451109409332 0.7017064094543457
-0.5252436399459839 -0.25905507802963257 0.8105613589286804 0.820045530796051 0.850951611995697 -0.1591675877571106 0.5005467534065247 0.6016637682914734 -0.0006540890317410231 0.9526575207710266 0.3040451109409332 0.7001107931137085
-0.5211450457572937 -0.25981757044792175 0.8129593133926392 0.8058739900588989 0.8534678816795349 -0.15791985392570496 0.49664270877838135 0.5830968618392944 -0.0006540890317410231 0.9526575207710266 0.3040451109409332 0.6986290812492371
-0.516764760017395 -0.26062339544296265 0.8154935836791992 0.7920818328857422 0.856127142906189 -0.1565863937139511 0.49247032403945923 0.5652018189430237 -0.0006540890317410231 0.9526575207710266 0.3040451109409332 0.6972570419311523
-0.5121207237243652 -0.2614676058292389 0.818148672580719 0.7786812782287598 0.858913242816925 -0.155172660946846 0.48804667592048645 0.5479583740234375 -0.0006540890317410231 0.9526575207710266 0.3040451109409332 0.6959906220436096
-0.507232129573822 -0.2623450458049774 0.8209085464477539 0.7656846046447754 0.8618091940879822 -0.15368449687957764 0.48339012265205383 0.5313465595245361 -0.0006540890317410231 0.9526575207710266 0.3040451109409332 0.694825291633606
