1.0000000119974355 -1.405134822750177e-09 1.5845165410648187e-08 2.7755575615628914e-17 1.2236409419552684e-10 1.0000001359427824 -8.205070900313572e-09 0.0 -7.555950400958166e-10 7.419443583686037e-09 1.0000001248043016 0.0
1.0000000119974355 -1.405134822750177e-09 1.5845165410648187e-08 -0.0032906910939138057 1.2236409419552684e-10 1.0000001359427824 -8.205070900313572e-09 0.0024591487826932656 -7.555950400958166e-10 7.419443583686037e-09 1.0000001248043016 -0.015183339905349591
1.0000000119974355 -1.405134822750177e-09 1.5845165410648187e-08 -0.008137924441338124 1.2236409419552684e-10 1.0000001359427824 -8.205070900313572e-09 0.006105958429208802 -7.555950400958166e-10 7.419443583686037e-09 1.0000001248043016 -0.03769956642558725
1.0000000119974355 -1.405134822750177e-09 1.5845165410648187e-08 -0.01402120406456056 1.2236409419552684e-10 1.0000001359427824 -8.205070900313572e-09 0.010570656234714537 -7.555950400958166e-10 7.419443583686037e-09 1.0000001248043016 -0.06526561957274613
1.0000000119974355 -1.405134822750177e-09 1.5845165410648187e-08 -0.020419380567948564 1.2236409419552684e-10 1.0000001359427824 -8.205070900313572e-09 0.015483422980960615 -7.555950400958166e-10 7.419443583686037e-09 1.0000001248043016 -0.09559815217896173
1.0000000119974355 -1.405134822750177e-09 1.5845165410648187e-08 -0.026811158323193668 1.2236409419552684e-10 1.0000001359427824 -8.205070900313572e-09 0.020474679394788975 -7.555950400958166e-10 7.419443583686037e-09 1.0000001248043016 -0.12641529855505862
1.0000000119974355 -1.405134822750177e-09 1.5845165410648187e-08 -0.03277013448239449 1.2236409419552684e-10 1.0000001359427824 -8.205070900313572e-09 0.025240017206843768 -7.555950400958166e-10 7.419443583686037e-09 1.0000001248043016 -0.15583757344837146
1.0000000119974355 -1.405134822750177e-09 1.5845165410648187e-08 -0.038246057824840224 1.2236409419552684e-10 1.0000001359427824 -8.205070900313572e-09 0.029737221229422017 -7.555950400958166e-10 7.419443583686037e-09 1.0000001248043016 -0.18360433071014537
1.0000000119974355 -1.405134822750177e-09 1.5845165410648187e-08 -0.04328378771620231 1.2236409419552684e-10 1.0000001359427824 -8.205070900313572e-09 0.03398926278309511 -7.555950400958166e-10 7.419443583686037e-09 1.0000001248043016 -0.20985740035477018
1.0000000119974355 -1.405134822750177e-09 1.5845165410648187e-08 -0.047927431587085706 1.2236409419552684e-10 1.0000001359427824 -8.205070900313572e-09 0.03801947691981833 -7.555950400958166e-10 7.419443583686037e-09 1.0000001248043016 -0.23474085816564028
1.0000000119974355 -1.405134822750177e-09 1.5845165410648187e-08 -0.052222018893604255 1.2236409419552684e-10 1.0000001359427824 -8.205070900313572e-09 0.041850680164926546 -7.555950400958166e-10 7.419443583686037e-09 1.0000001248043016 -0.25839557841355987
1.0000000119974355 -1.405134822750177e-09 1.5845165410648187e-08 -0.05621102750620846 1.2236409419552684e-10 1.0000001359427824 -8.205070900313572e-09 0.045506246206811984 -7.555950400958166e-10 7.419443583686037e-09 1.0000001248043016 -0.28096587543713625
1.0000000119974355 -1.405134822750177e-09 1.5845165410648187e-08 -0.05993972854475041 1.2236409419552684e-10 1.0000001359427824 -8.205070900313572e-09 0.04900909222513672 -7.555950400958166e-10 7.419443583686037e-09 1.0000001248043016 -0.3025932449689144
1.0000000119974355 -1.405134822750177e-09 1.5845165410648187e-08 -0.06345192658864171 1.2236409419552684e-10 1.0000001359427824 -8.205070900313572e-09 0.052382615165001534 -7.555950400958166e-10 7.419443583686037e-09 1.0000001248043016 -0.3234221449374495
1.0000000119974355 -1.405134822750177e-09 1.5845165410648187e-08 -0.06679237210056618 1.2236409419552684e-10 1.0000001359427824 -8.205070900313572e-09 0.05564977859474207 -7.555950400958166e-10 7.419443583686037e-09 1.0000001248043016 -0.34359435749381184
1.0000000119974355 -1.405134822750177e-09 1.5845165410648187e-08 -0.07000559773723478 1.2236409419552684e-10 1.0000001359427824 -8.205070900313572e-09 0.05883353057822138 -7.555950400958166e-10 7.419443583686037e-09 1.0000001248043016 -0.3632515690624398
1.0000000119974355 -1.405134822750177e-09 1.5845165410648187e-08 -0.07313601378044773 1.2236409419552684e-10 1.0000001359427824 -8.205070900313572e-09 0.0619571442742487 -7.555950400958166e-10 7.419443583686037e-09 1.0000001248043016 -0.3825374732815723
1.0000000119974355 -1.405134822750177e-09 1.5845165410648187e-08 -0.07622759490005795 1.2236409419552684e-10 1.0000001359427824 -8.205070900313572e-09 0.06504386183268773 -7.555950400958166e-10 7.419443583686037e-09 1.0000001248043016 -0.4015955723361806
1.0000000119974355 -1.405134822750177e-09 1.5845165410648187e-08 -0.07932550331293117 1.2236409419552684e-10 1.0000001359427824 -8.205070900313572e-09 0.0681165926809647 -7.555950400958166e-10 7.419443583686037e-09 1.0000001248043016 -0.42056731409549286
1.0000000119974355 -1.405134822750177e-09 1.5845165410648187e-08 -0.0824733019347392 1.2236409419552684e-10 1.0000001359427824 -8.205070900313572e-09 0.0711986331098533 -7.555950400958166e-10 7.419443583686037e-09 1.0000001248043016 -0.43959653502632445
1.0000000119974355 -1.405134822750177e-09 1.5845165410648187e-08 -0.08571595903413978 1.2236409419552684e-10 1.0000001359427824 -8.205070900313572e-09 0.07431296219216144 -7.555950400958166e-10 7.419443583686037e-09 1.0000001248043016 -0.4588251130063785
1.0000000119974355 -1.405134822750177e-09 1.5845165410648187e-08 -0.08909796993815408 1.2236409419552684e-10 1.0000001359427824 -8.205070900313572e-09 0.07748277568907969 -7.555950400958166e-10 7.419443583686037e-09 1.0000001248043016 -0.478396263802102
1.0000000119974355 -1.405134822750177e-09 1.5845165410648187e-08 -0.09266378225827185 1.2236409419552684e-10 1.0000001359427824 -8.205070900313572e-09 0.08073109906208986 -7.555950400958166e-10 7.419443583686037e-09 1.0000001248043016 -0.49845215170972335
1.0000000119974355 -1.405134822750177e-09 1.5845165410648187e-08 -0.09645737066434648 1.2236409419552684e-10 1.0000001359427824 -8.205070900313572e-09 0.0840811744610559 -7.555950400958166e-10 7.419443583686037e-09 1.0000001248043016 -0.5191362789142158
0.9999999567148835 4.437214426284339e-05 -0.0002739371254218948 -0.1005024319714288 -4.437130116219071e-05 1.0000001353403816 -3.2875187015336986e-09 0.08755129559613861 0.00027395887998933453 1.080517075453199e-08 1.0000000965019875 -0.5405615949190548
0.9999993565905987 0.00017860402206334503 -0.0011027282167436912 -0.1047372400853426 -0.00017860211658775433 1.0000001196270516 8.76731605649715e-08 0.09114057347316562 0.0011027316012613216 1.068137049051254e-07 0.9999995411208603 -0.562722611328633
0.9999968004851911 0.0004044181336143852 -0.002496962487700449 -0.10907876012861531 -0.00040441737478821697 1.0000000547542192 4.98023702805339e-07 0.09484368143264466 0.002496968289841817 5.056560105873375e-07 0.999997018002868 -0.5855864407151214
0.9999897397423521 0.0007234807576694847 -0.004466966003763789 -0.1134444063076451 -0.0007234820156225243 0.9999998742653965 1.6081538444791652e-06 0.09865499097684616 0.004466948696308286 1.6176375893758942e-06 0.9999901786096921 -0.6091183320268421
0.9999747054161868 0.001137557936426568 -0.007023520932136754 -0.1177516540162856 -0.0011375571556963403 0.9999994889552914 3.9978239169959464e-06 0.10256871106056809 0.007023546396078284 3.993519677249765e-06 0.9999754434453623 -0.6332825306052161
0.9999468613090257 0.00164828470579636 -0.010176888397094245 -0.1219171893836353 -0.0016482857211989146 0.999998777218495 8.387038452462203e-06 0.1065796620673185 0.010176905239339899 8.384110461608649e-06 0.9999483671092144 -0.6580470569026842
0.9999003177871002 0.002257410969117687 -0.013937770327778862 -0.12585829385534023 -0.002257407768502786 0.9999975884098977 1.573580944630466e-05 0.11068212259727739 0.013937768788864312 1.5719515222913656e-05 0.9999030223412082 -0.6833765862691417
0.9998278541372762 0.0029665801915257067 -0.018316359539287893 -0.12949279339197953 -0.0029665790328185725 0.9999957351275389 2.718696802192517e-05 0.11487041001180565 0.018316359998687814 2.7156785515649324e-05 0.9998323531090553 -0.7092360333710683
0.9997208516080357 0.0037774576521358385 -0.023322929752437934 -0.1327375203553283 -0.0037774652604405973 0.9999929997301654 4.407687053462079e-05 0.11913910474932032 0.02332296364415034 4.403967725205211e-05 0.9997281085106458 -0.7355919371822104
0.9995693116885633 0.004691712261399321 -0.02896777180984935 -0.13550917434640938 -0.004691712215610463 0.9999891278079777 6.799344678512527e-05 0.12348269434614756 0.028967741137059293 6.793896399689609e-05 0.9995804843702041 -0.7624102630778937
0.9993618499514232 0.005710971152712057 -0.03526089419273276 -0.13772541123535995 -0.005710971320817067 0.9999838235914338 0.00010075488137026318 0.127895650958885 0.03526088883499614 0.00010068078443272927 0.9993782548624093 -0.7896568814681784
0.9990852606334931 0.006836824997740921 -0.042212183393148195 -0.13930381531902017 -0.006836821720088089 0.9999767547886013 0.00014441059830533362 0.1323721912945668 0.04221215684496788 0.00014431677537312865 0.9991087664343089 -0.8172960855578024
0.9987250549935762 0.008070836303970794 -0.04983125248840818 -0.1401610488687232 -0.00807083468047108 0.9999675467787756 0.0002012722075970532 0.13690705058684627 0.04983124664929488 0.00020115992166410885 0.9987577467327388 -0.8452953700640977
0.9982647778793936 0.009414472841448229 -0.05812720207379896 -0.14021458727832245 -0.009414467569061613 0.9999557821357624 0.00027391735017565105 0.1414944377905214 0.05812715649991247 0.00027378750005571304 0.9983092808630085 -0.8736189803284855
0.9976864123600433 0.010869272163814265 -0.06710947955759114 -0.13938109281915131 -0.010869269991211938 0.9999409967400648 0.0003652091408575255 0.14612908813924574 0.06710945416125264 0.00036506508223868226 0.997745691349925 -0.9022344110682967
0.9969700058801487 0.012436553404858818 -0.07678624821269982 -0.13757875549043816 -0.01243654945082222 0.9999226846474198 0.00047828438406083434 0.15080509455376157 0.07678621262082896 0.0004781164775147748 0.9970476108844802 -0.9311051911979522
0.996093820528176 0.014117630190165313 -0.08716557019843466 -0.13472421370575102 -0.014117621970349542 0.9999002881484501 0.0006165856297451202 0.15551710711786804 0.08716555747515871 0.0006163851052563249 0.9961937844118153 -0.9601982896996741
0.9950340490429636 0.01591371077722622 -0.09825497989521517 -0.13073438487208552 -0.015913703207526424 0.9998731970535857 0.000783862095661503 0.16025962887236356 0.09825499466083486 0.0007836384107136849 0.9951610634338196 -0.9894797676754186
0.9937649358384723 0.017825922298969028 -0.11006142945307733 -0.12552709495002126 -0.017825911854760665 0.9998407573987376 0.0009841657912350035 0.16502697717860915 0.11006143144231254 0.0009839141139558157 0.9939244299407891 -1.0189145397916644
0.992258741217137 0.019855161671264613 -0.12259042016424064 -0.1190192613465543 -0.019855141914353485 0.9998022559798069 0.0012218939989335211 0.16981365507740365 0.12259038780924732 0.0012216156985743983 0.9924567341149004 -1.0484686671503667
0.9904854621835576 0.022002280208712574 -0.13584722502524782 -0.11112818936509597 -0.02200225666926366 0.999756928073736 0.0015017719876665172 0.17461402631878142 0.13584719409984577 0.0015014647387102083 0.9907288010709591 -1.0781073508365324
0.9884130148495841 0.02426791113061889 -0.1498357448698443 -0.10177062632220032 -0.024267882607270783 0.9997039540702938 0.0018288654698316866 0.17942274873877773 0.14983571863866907 0.001828521696497106 0.9887093539350521 -1.1077976076956997
0.9860071070593652 0.02665251720605262 -0.16455881848284432 -0.09086409532725229 -0.026652478589639112 0.9996424560804731 0.002208592245262625 0.1842342015918994 0.1645587948012367 0.002208206862262748 0.9863649419544033 -1.1375047345395055
0.9832311903844969 0.029156277281088033 -0.18001762194971346 -0.07832628958007895 -0.029156235943053957 0.9995714981904424 0.0026467211698270043 0.18904260933741668 0.18001760415843615 0.0026462987874215325 0.9836599468609719 -1.1671930724360067
0.9800513902394004 0.031775250273101664 -0.1961877410160723 -0.06428387672612637 -0.031775199458685496 0.9994902187023244 0.0031485868383560878 0.1938566549788745 0.19618772657269698 0.0031481178275578024 0.9805614314243801 -1.1969162313448356
0.9764550978319074 0.03448944567202761 -0.21294581994836334 -0.048951499210892285 -0.034489389865084236 0.9993982907618026 0.003716183879565821 0.19868702795870163 0.2129458054041894 0.0037156822086232798 0.977057079408949 -1.2267402087911048
0.9724423204247927 0.03727501848086033 -0.23014457273898437 -0.03237800450468084 -0.037274953576817885 0.9992957166604803 0.004349521801680245 0.20353169767186796 0.2301445629898237 0.004348977961008801 0.9731468310012381 -1.2566524669731027
0.9680221121219693 0.04010831226500112 -0.24763794639508901 -0.014611392711668725 -0.04010823245388764 0.9991827304060968 0.005047154031245893 0.20838865664530815 0.24763792832469614 0.005046560443602018 0.9688396165888147 -1.2866406109176944
0.9632133849657676 0.04296582213785389 -0.2652808473828895 0.004299682646047381 -0.042965730264390725 0.9990598107888342 0.005806106282911672 0.2132559439193742 0.26528082998855823 0.005805473669612617 0.9641537990200725 -1.316692532831647
0.9580450652661326 0.045824466044619414 -0.28293074871823093 0.024307124490187154 -0.045824361128111224 0.9989277011879483 0.006621803193858411 0.2181315171983098 0.28293073009397396 0.006621128013716834 0.9591176265926518 -1.3467956227375861
0.9525561601738817 0.04866156541309794 -0.3004476580746338 0.04536220618231557 -0.0486614490398018 0.998787395301973 0.007488097347905925 0.22301329554992122 0.3004476213424482 0.007487388317289869 0.9537690538515176 -1.3769370321029326
0.9467959692329144 0.05145492703261874 -0.3176944682795445 0.06741679485750376 -0.05145479247783804 0.9986401573987936 0.00839721077397021 0.22789936440323422 0.31769442593190755 0.008396448859061236 0.9481561027939183 -1.4071049395529762
0.9408234939264691 0.05418290315422662 -0.3345376052240497 0.09042238168329034 -0.054182759285582874 0.998487489350959 0.009339833224595806 0.23278762732158254 0.33453758138106476 0.009339036886419651 0.9423362560794173 -1.4372864008285031
0.9347069457127013 0.05682450538443741 -0.35084743838930094 0.11433073682064253 -0.056824346185955506 0.9983311407832037 0.010305182693522319 0.23767613491130057 0.3508474079901044 0.010304349961360395 0.9363760833832497 -1.4674693795505673
0.9285233859808756 0.05935934248446795 -0.3664980647950075 0.1390933395082159 -0.059359167495022756 0.9981730795980075 0.01128111521341979 0.24256283331064954 0.3664980391584407 0.011280237943105367 0.9303505634775789 -1.4976411943275068
0.9223575389040243 0.061767696949255546 -0.3813677527336679 0.16466177788765302 -0.061767506549907536 0.9980154708771685 0.012254250326004579 0.24744566090565467 0.38136773892168124 0.012253333254186424 0.9243423095527431 -1.527789115904346
0.9163009457809204 0.06403049226249329 -0.3953387725353374 0.19098771321693414 -0.06403029136888537 0.9978606531341395 0.013210136369596975 0.25232267605488656 0.3953387516776802 0.013209197504371852 0.9184405486916135 -1.557901155765455
0.9104506175681744 0.06612930662686549 -0.4082972703200499 0.21802283061180572 -0.06612908650297883 0.9977111112580364 0.014133470983961227 0.2571918519670612 0.40829725188649146 0.014132488540637391 0.9127397604197505 -1.587964799660095
0.9049081235134334 0.06804613763445551 -0.4201321922391108 0.2457185123368196 -0.06804590485758649 0.9975694358925882 0.015008222730066467 0.26205109995774856 0.420132182219571 0.015007211252875626 0.9073389257882233 -1.6179671511923681
0.8997776750150269 0.06976353159785179 -0.4307357401998775 0.2740264196499562 -0.06976328660393896 0.9974382933668442 0.015817945179722015 0.2668984783855196 0.4307357407921268 0.015816903227835768 0.9023395881135412 -1.6478962218466435
0.8951647473023133 0.07126427750182919 -0.44000169463666255 0.30289855244703884 -0.0712640209583198 0.9973203796767789 0.01654597046566872 0.271731979777309 0.4400016633727663 0.016544918879848405 0.8978446579411232 -1.677739616649787
0.8911745028940916 0.07253137213687863 -0.4478249922360171 0.3322859662836597 -0.07253110314608985 0.9972183838493426 0.017175733891106187 0.27654953870539545 0.44782495768108443 0.017174655650079192 0.8939564088263348 -1.7074845827958516
0.8879097541754746 0.07354773160313763 -0.45410021675034873 0.36214066105564185 -0.07354745856763349 0.9971349302431711 0.017691000304755455 0.2813491476967138 0.4541002003384715 0.017689910257730448 0.8907750796301046 -1.7371187253117024
0.8854691113859448 0.07429606572908355 -0.4587205905408695 0.3924140921438754 -0.07429578781851331 0.997072543154431 0.01807619914033512 0.2861288380393797 0.4587205799999165 0.0180750972328412 0.8883968058985884 -1.7666298885407876
0.8839446003906308 0.07475867508462829 -0.4615768121513429 0.42305806549597613 -0.07475839124333229 0.9970335752069948 0.01831681108443098 0.2908865326149458 0.46157681412607976 0.01831569105376518 0.8869112324757946 -1.796005247501498
0.8834196335943708 0.07491712419774149 -0.46255514005135034 0.4540238306157436 -0.07491684324935448 0.997020154986485 0.01839965935732868 0.2956202356410731 0.46255513813402044 0.01839854946939348 0.8863997150526078 -1.8252324793963606
0.8834233177371682 0.07537177733011802 -0.4624742435646813 0.4852539519180078 -0.07491999188671952 0.997001431213802 0.01937337636410542 0.3017652130520607 0.46254758173556965 0.017533663963532398 0.8864211999660443 -1.8540722464229873
0.883449246062019 0.07667085333250216 -0.46221109750692607 0.5166528329133077 -0.07492440407365786 0.9969429940030194 0.02216422544583461 0.3105719073559811 0.4624973735767736 0.015049928371339215 0.8864930110953316 -1.8823381735666298
0.88351956295003 0.07871607456831844 -0.4617325694210307 0.5481161645527016 -0.0749225315002506 0.9968352274174486 0.026576895955529103 0.32176144124064476 0.46236321929138297 0.011112964993754179 0.8866210639532854 -1.910097887852844
0.8836565185584133 0.0814071697412028 -0.4610033419521209 0.5795388142785993 -0.07490685815204032 0.9966636542515155 0.03241542329349601 0.3350545937603689 0.4621040239683249 0.005888213256758441 0.8868062710817746 -1.937418385861847
0.8838820939137955 0.08464195303977934 -0.4599872271189359 0.6108164611128891 -0.07486982411129092 0.9964114363125978 0.03948392294030955 0.3501722948262175 0.4616784214430494 -0.00045996807684764717 0.8870473729421791 -1.9643675956050957
0.8842182216521912 0.08831616130412905 -0.4586484755345255 0.6418443111361823 -0.07480386337361374 0.9960623029727399 0.0475864343533838 0.3668355518504641 0.46104500818710914 -0.007768114845353525 0.887342833766551 -1.9910120595573715
0.88468656811659 0.09232324453763308 -0.45695315919989715 0.6725177166615504 -0.0747014118414932 0.9956026961427014 0.05652640904450609 0.3847654356767184 0.46016239244754337 -0.015873107137643835 0.8876929770739428 -2.0174198302609034
0.8853083733222364 0.09655478241685883 -0.454869502807656 0.7027318599114807 -0.07455482425198977 0.9950234294883075 0.06610740382557147 0.40368274467751597 0.45898868111257907 -0.0246127206613219 0.8881012043396338 -2.043658023573518
0.8861045655347392 0.10090089670574338 -0.45236910409306824 0.7323822378883935 -0.07435647352907915 0.9943214018826665 0.07613317406626621 0.42330817886777483 0.4574820936361457 -0.03382539454951153 0.888575376455433 -2.069793893689814
0.8870951171363523 0.1052506130592583 -0.4494270227033189 0.7613641059318302 -0.07409865420712672 0.9935005771116736 0.08640773323202888 0.44336324497176083 0.45560036493730827 -0.043349942547289654 0.8891283781508709 -2.0958952019110915
0.8882995107352102 0.10949249399602179 -0.4460217563039719 0.7895726701216136 -0.07377355538577729 0.9925723544321887 0.09673562556453114 0.4635683031846445 0.45330057996117534 -0.053025604077393824 0.8897792304652158 -2.1220285955375866
0.8897360245599517 0.113515641875181 -0.4421358268093255 0.8169034767193099 -0.07337337706567007 0.991556477700026 0.10692238342856228 0.4836447293470916 0.4505398900570439 -0.06269169247802862 0.8905525038369864 -2.1482625190016593
0.8914217862639542 0.1172102053523252 -0.43775452585782265 0.843251646760094 -0.07289012316388914 0.9904801979149391 0.11677442142411162 0.5033132769600017 0.447274236462847 -0.07218727087593993 0.8914790650736907 -2.1746630654950576
0.8933724364499701 0.12046861272186099 -0.4328660726933465 0.8685125325567509 -0.07231574585524321 0.989378433816402 0.12609935974764586 0.5222947815153108 0.44345924095868583 -0.08135065251681962 0.8925951992705372 -2.2012983256783625
0.895601938427441 0.12318657268093432 -0.42746025126417414 0.8925815222090014 -0.07164204999718375 0.9882923905629555 0.1347062976074357 0.5403101861318464 0.4390496150370176 -0.09001907396633185 0.8939419468935959 -2.228235563491144
0.8981221424076703 0.12526416712159408 -0.4215276135199901 0.9153536890369192 -0.07086070884751751 0.9872687970719437 0.14240541901312193 0.5570807676377282 0.43399925822504626 -0.09802771436170361 0.8955642756452374 -2.255541866417845
0.9009427017948533 0.12660698347945945 -0.415057751139063 0.9367246031591194 -0.06996320057905828 0.9863579153784757 0.149008075447866 0.5723272283445826 0.4282608650196236 -0.10520896180492477 0.8975098243962344 -2.283285248451587
0.9040704835863823 0.12712778380868892 -0.4080381679589464 0.9565900882872693 -0.06894087905157449 0.9856118071201314 0.15432678882026582 0.5857704803622925 0.4217863642208422 -0.11139177607987376 0.8998268345031952 -2.3115327820786757
0.9075093990608802 0.12674757177189358 -0.4004519795693365 0.9748442614720413 -0.0677848478085179 0.9850818235449944 0.15817460153634028 0.5971315497875751 0.4145261369546082 -0.1164003581113078 0.9025625704685295 -2.3403514979366395
0.9112599497872512 0.12539720690377898 -0.39227653010346236 0.9913833701078798 -0.06648602898263525 0.9848163075609798 0.16036427069258172 0.6061311249446218 0.4064294446640522 -0.12005263738583363 0.9057608389967267 -2.369808578044421
0.9153187486395518 0.12301952688584751 -0.38348118341046783 1.006102330896197 -0.06503514768963935 0.9848570300625885 0.16070864179001623 0.6124905430376609 0.3974443338481875 -0.12215989191756087 0.9094587495570532 -2.399972228279169
0.9198483876645028 0.11984322960317217 -0.37351920758277024 1.0194200947297885 -0.06336343929626989 0.9850782626332762 0.1600190595898819 0.6174238284301808 0.3871227778477657 -0.12352581011112872 0.9137163178164367 -2.430437561029147
0.9249410175663082 0.11614817685441595 -0.36193065242840866 1.0318326121823111 -0.06141876180263594 0.985327034404046 0.15924376353254824 0.6223282125850864 0.3751158420013975 -0.1250617579214929 0.9185030914183084 -2.460761724791893
0.9304823373220863 0.11196369633219849 -0.34880761234895863 1.0433503829782176 -0.05921657512763226 0.9855977788029993 0.15840017890231345 0.6271991923037278 0.36151898035443314 -0.1267333662412202 0.9237114832395849 -2.49095419671311
0.9363564540943793 0.10731972103663934 -0.33424407482583574 1.0539845602601678 -0.05677265307735937 0.9858848548752207 0.1575059596249541 0.6320324532257121 0.34642958497783916 -0.12850580670913983 0.929232494484998 -2.5210241286402573
0.9424477657473399 0.10224676228245266 -0.31833597942788416 1.0637458973449503 -0.05410308679561301 0.9861826274400862 0.1565787003877617 0.6368231135714618 0.32994700725818066 -0.13034428662026357 0.9349574921263364 -2.5509801515080928
0.948642975262665 0.09677636694474569 -0.30118239729776797 1.0726448820284211 -0.05122449857189982 0.9864855805825192 0.15563565550052672 0.6415669480689286 0.31217387798359597 -0.1322147496510135 0.9407799447299147 -2.5808319672115254
0.9548322911242495 0.09094151879304582 -0.2828868957191925 1.0806926793818368 -0.04815426681111764 0.9867883673199358 0.15469354395156315 0.6462593644311181 0.2932174963506438 -0.1340841825176711 0.9465966260969197 -2.610588502848809
0.9609114188407553 0.0847764376661818 -0.2635569122400168 1.0878998980324934 -0.04491042005289827 0.9870859073494825 0.15376824406871764 0.6508957340313077 0.2731891755997527 -0.1359212184893739 0.9523095004936595 -2.640259206761505
0.9667830871990846 0.07831674279152624 -0.2433042786621649 1.094277497174843 -0.04151172149492818 0.9873734588737355 0.15287458046484725 0.6554716728637225 0.2522047648706644 -0.1376965808581486 0.9578270381043767 -2.669852800788596
0.9723579795184489 0.07159980286024921 -0.2222462627417217 1.0998363882873765 -0.037977850029947434 0.9876466667007681 0.1520261374049454 0.6599826141947855 0.23038576696056634 -0.1393833799227094 0.9630653673544695 -2.6993791154168036
0.9775565444073333 0.06466416979484452 -0.20050381251403307 1.1045873008295461 -0.03432910145493791 0.9879016547085063 0.15123503994580537 0.6644241144222847 0.2078574935055265 -0.14095768388093885 0.9679496261926323 -2.7288472501384717
0.9823094307003624 0.057549939262155674 -0.17820270735302304 1.108540770312454 -0.03058658372724108 0.9881350366917353 0.15051184810796087 0.6687915426227884 0.18475027053455112 -0.14239858580457662 0.9724146155069132 -2.758265893496641
0.9865589166690516 0.050298322060745936 -0.15547224257445202 1.1117079379495893 -0.026771984896446884 0.9883439938142929 0.1498653380621284 0.6730803916591572 0.16119800561558 -0.1436886818441109 0.976406150121341 -2.7876444983246733
0.9902592182588029 0.042951821930246895 -0.13244566374963315 1.1140995332004053 -0.022907673282002425 0.9885262828146354 0.1493024808885228 0.6772862179291789 0.1373388063733556 -0.14481412189320883 0.9798811899441879 -2.8169921641149114
0.9933773133687872 0.035553689966312405 -0.1092585786654634 1.1157264794724189 -0.019016401480337983 0.988680290490358 0.14882829823823626 0.6814045298001862 0.11331315295340218 -0.1457649459849019 0.9828087311367205 -2.8463184394273493
0.9958932811648677 0.028147709375868107 -0.08604820395017841 1.1165994092508351 -0.015121207949330145 0.988805028157462 0.14844583999878044 0.6854307311714388 0.08926329037873587 -0.14653505008017012 0.9851699440057476 -2.8756322278092665
0.997800114095834 0.020778445175042886 -0.06295414437511415 1.1167292698010802 -0.011245507941147564 0.9889001451699885 0.1481561563169741 0.6893603629362522 0.06533378999211699 -0.1471222695432313 0.9869583457467708 -2.904942533026374
0.9991039982369914 0.013490204751703809 -0.04011528368185421 1.116126815211606 -0.007412617964904843 0.988965924676333 0.14795829533343105 0.69318884870194 0.04166861337419766 -0.14752835293221037 0.9881798144084111 -2.9342591259265896
0.9998238584347292 0.006327627885220827 -0.017671378972400467 1.1148028472866824 -0.0036459894096723677 0.9890032729131424 0.1478493749531175 0.6969116771277811 0.018412554790511577 -0.14775889590156613 0.988852145776049 -2.9635906877692686
0.9999908032128656 -0.0006652257018070232 0.0042395358407035615 1.112768143972671 3.1201285977721066e-05 0.9890136902747648 0.14782464836512804 0.7005243043470718 -0.0042912891942465435 -0.14782316257119674 0.9890046488177479 -2.992946444608047
0.9996475918008362 -0.0074445534588075376 0.025480348558836387 1.1100336890931666 0.0035959549646980477 0.9889992378973248 0.14787760282132567 0.7040223312394001 -0.026300916679080476 -0.1477338792110602 0.9886775358076578 -3.022335770578309
0.9988476005197219 -0.013967550803482137 0.04591696027263219 1.1066102121074783 0.007025758035428445 0.988962491293439 0.14800011325984005 0.7074011965267165 -0.047477323843614964 -0.1475069479654044 0.9879209738025737 -3.051767784231573
0.9976537745390702 -0.020191673693540062 0.06541627363894735 1.1025084424749152 0.01029827634469433 0.9889065035057049 0.1481825750777059 0.7106563389309722 -0.06768261482940073 -0.14716121935925827 0.9867942648874739 -3.0812516041193545
0.9961372019451081 -0.02607582138509369 0.08384967075857411 1.0977394125061246 0.013391920880477933 0.9888347171822973 0.14841415726813592 0.7137833767431007 -0.08678349451833184 -0.14671794942353641 0.9853642832201374 -3.110796711879158
0.9943759498586142 -0.03157944096523897 0.10109029656601483 1.0923138151019596 0.016285382972161852 0.9887509112647525 0.1486829749389627 0.7167774533471059 -0.10464839873870949 -0.14620047053956883 0.9837044098820156 -3.1404118938111756
0.992453195769462 -0.03666311775758048 0.11701472412529065 1.0862424162803284 0.018957970724226805 0.9886591178385433 0.1489763358694139 0.7196344204787222 -0.12114957147219961 -0.14563367805050761 0.9818930105660236 -3.170106581659076
0.990455767732141 -0.0412880324912884 0.13150156390616152 1.0795359455005404 0.021389295674404 0.9885635417660016 0.1492810377059104 0.7223497168599005 -0.13616113019637838 -0.14504353406010637 0.9800116006300362 -3.199889893974377
0.9884717973728616 -0.04541646555605252 0.14443280535319528 1.0722054470016953 0.02355955460974493 0.988468455757119 0.14958362713181844 0.7249185651791362 -0.14956080586597528 -0.14445641957130675 0.978143244911619 -3.229771106704549
0.9865890299644602 -0.04901116037213613 0.1556919301341061 1.0642616502435323 0.025449180448646167 0.9883781185411271 0.14987075323577448 0.727336757185891 -0.16122778736343785 -0.14389862926306066 0.9763703759628238 -3.2597592812235874
0.984892566900125 -0.05203519380472469 0.16516343218025722 1.0557154420751123 0.0270388047449645 0.9882966456803756 0.15012945203213476 0.729599505909551 -0.17104248997352034 -0.14339557386571125 0.9747730373574301 -3.2898636338401612
0.983462504842817 -0.05445185850715706 0.17273239554663825 1.0465775519560314 0.028309112801377333 0.9882279229591361 0.1503475103171022 0.7317024854237408 -0.1788856608012435 -0.14297124540392733 0.9734266371605644 -3.3200932449874387
0.982371424220614 -0.0562244365540503 0.1782840058914664 1.0368587459036247 0.029240855547224796 0.9881754650924076 0.15051387597589866 0.7336410767608472 -0.18463845208961072 -0.14264734483323857 0.9723994145991085 -3.350457622645786
0.9816818400066045 -0.05731580803595403 0.18170211761555558 1.0265700196705128 0.029814519863497053 0.9881423044122641 0.15061901033528155 0.7354109559013678 -0.18818038570914802 -0.14244259476623541 0.9717502645649237 -3.3809658590238576
0.9814434899158228 -0.05768808250286022 0.18286805747250434 1.0157220057416148 0.030010198247230627 0.9881308420627828 0.15065534886025148 0.7370072913928885 -0.18938854841475397 -0.1423718207177234 0.9715258931737039 -3.4116268957872826
0.9814436648134253 -0.057687798027190436 0.18286715565488315 1.004328455946662 0.03001005018842168 0.9881308504989105 0.1506553296044048 0.7378164428345428 -0.18938763426605854 -0.1423718728065044 0.9715260120706238 -3.4425440960632248
0.9814450099285128 -0.05768572800248261 0.18286070343482025 0.9924142695173324 0.030008963449595562 0.9881309143813587 0.1506551212919779 0.737277993026109 -0.18938092449432023 -0.14237226724737276 0.9715272982891977 -3.473793030469454
0.9814486108191094 -0.05768010655345356 0.18284311423746527 0.9800070667199622 0.03000601580864408 0.9881310879490595 0.15065456873564498 0.7354668057268656 -0.1893627250908717 -0.1423733389375654 0.9715307100345847 -3.5053415812875075
0.9814556436671413 -0.057669148131065245 0.18280875300091573 0.9671348191599949 0.03000024729808643 0.9881314266483334 0.1506534993367348 0.7324585300556046 -0.18932710899889338 -0.14237543022916974 0.9715373130140628 -3.5371580060911545
0.9814672063452762 -0.05765114588129894 0.18275235985928134 0.953825110546028 0.029990786976414472 0.9881319810959465 0.15065173465121295 0.7283283228128425 -0.18926869882833108 -0.14237885365487177 0.97154820902274 -3.5692097596147367
0.9814845112078489 -0.057624235560097305 0.18266811215265366 0.9401057550931796 0.029976641006892863 0.9881328115677738 0.15064910500308978 0.7231515881065883 -0.18918135840587064 -0.14238398138616012 0.9715644457239796 -3.60146507791157
0.9815085893613902 -0.057586651292177146 0.18255040502709768 0.9260045304581119 0.029956891043531556 0.9881339723027474 0.1506454252119031 0.7170034347069036 -0.189059417654503 -0.1423911483202718 0.9715871665077773 -3.6338918647836445
0.9815406050589439 -0.05753669228440122 0.1823939182007883 0.9115491658108646 0.029930619693776975 0.9881355117412151 0.15064054199720026 0.709959307000016 -0.18889721238496207 -0.14240065355212803 0.971617317803806 -3.666457859353311
0.9815817587259621 -0.05747248067983887 0.18219280477029107 0.8967672090731007 0.029896875695821116 0.9881374891900224 0.1506342769773188 0.70209425415955 -0.18868886929148743 -0.1424128632703028 0.9716560010264883 -3.69913134307592
0.9816329725659889 -0.05739232929822618 0.18194177466174832 0.8816868250270936 0.029854748455910095 0.9881399540585468 0.1506264642900152 0.6934839249144616 -0.18842876616038634 -0.14242808255263198 0.9717042402882147 -3.73187982550221
0.9816954712480027 -0.05729444503853327 0.18163521705678357 0.8663352468144287 0.029803295417908642 0.9881429586476612 0.15061694004229095 0.6842033491201573 -0.18811108343695773 -0.14244663433052332 0.9717630475452036 -3.764671468809925
0.9817703280153846 -0.05717697577846582 0.18126733950345583 0.8507406757754052 0.029741543079108514 0.9881465588804044 0.15060552197636548 0.6743281178160291 -0.18772981049392098 -0.14246886389993588 0.9718335481435361 -3.7974741719786502
0.9818585016298476 -0.057038279746151034 0.18083294890201115 0.834930780663269 0.0296686408320287 0.9881507995749581 0.15059207905268635 0.6639329944968643 -0.18727969548725593 -0.14249504799123983 0.9719165511913649 -3.8302559438512143
0.9819611074716231 -0.056876430694046416 0.1803260107510093 0.8189330243554642 0.02958356001724277 0.9881557339856317 0.1505764358122726 0.6530937746695278 -0.1867543872394106 -0.1425255154235863 0.9720131400591976 -3.8629844545969583
0.9820791404748332 -0.05668969454238656 0.17974122901215098 0.8027753784567179 0.029485416158015185 0.9881614107911323 0.1505584476803444 0.6418855190736268 -0.18614842478987031 -0.14256056676383225 0.9721242074256478 -3.8956280570855237
0.9822134199044769 -0.05647638112868686 0.1790731502570984 0.7864855840659527 0.02937328512536469 0.9881678687571052 0.15053796042301254 0.6303836295204611 -0.18545610235448148 -0.1426004413729249 0.9722507056081314 -3.9281542275717056
0.9823650794198697 -0.05623454453164997 0.17831572805552845 0.7700913464949416 0.029246168253001283 0.9881751623452485 0.1505148411562234 0.6186632236806835 -0.1846712539405284 -0.14264547552486576 0.9723934551096025 -3.9605312976200713
0.9825348719056345 -0.0559625203234276 0.17746374506416115 0.7536204068428227 0.02910318786298909 0.9881833269374007 0.15048895013475178 0.6067998798793491 -0.18378846056306933 -0.14269588768798683 0.9725533187892731 -3.992726714896656
0.9827237132151136 -0.055658465521267665 0.17651144538922467 0.7371005189082774 0.028943360793510568 0.9881924034600328 0.15046016508708987 0.5948686155226192 -0.1828016519560212 -0.14275193056582883 0.9727310516235513 -4.024708937527318
0.9829322409797416 -0.0553205628770544 0.1754532062834597 0.7205594722770655 0.02876574455080238 0.9882024294558083 0.1504283646951665 0.5829446733193837 -0.18170500894536815 -0.14281383596931738 0.9729274027011018 -4.056445577857736
0.9831612442565496 -0.0549470753288017 0.174283453486659 0.7040248752875728 0.02856942758767414 0.9882134429597024 0.1503934450522559 0.5711037244967888 -0.18049290342967417 -0.14288183874842095 0.9731430136084707 -4.087904657152366
0.9834114270573484 -0.054536141807553076 0.17299640089708318 0.6875248807923301 0.0283534209593171 0.9882254679635584 0.1503552964686413 0.5594207543036964 -0.1791592294357113 -0.14295608704843302 0.9733785616393483 -4.119054062184546
0.9836832576946506 -0.054086022269101745 0.1715866499236481 0.6710865645434572 0.028116815087785893 0.9882385318586198 0.15031385468984262 0.5479712536397511 -0.17769837101821526 -0.14303675000243368 0.9736344435566417 -4.14986181925652
0.9839772283387348 -0.05359481629698155 0.17004819665864118 0.6547381942609848 0.0278586152452806 0.988252661051507 0.15026902553061547 0.5368302375520333 -0.1761041864968137 -0.14312399066541695 0.9739112409274091 -4.180295626314946
0.9842937830585878 -0.05306078086476498 0.16837555785151742 0.6385073178671488 0.02757790314818309 0.9882678722897317 0.15022076119438887 0.5260732259175154 -0.17437100617518259 -0.14321791245357454 0.9742092489001816 -4.210323688578477
0.9846331115590541 -0.05248210488165783 0.16656314134874536 0.6224218763733061 0.02727371603107486 0.9882841774756576 0.15016902163682802 0.5157754923916607 -0.17249288571395793 -0.1433185888685252 0.9745287147601744 -4.23991380946537
0.9849954579964714 -0.051856936418245896 0.16460508870376797 0.6065093751787243 0.02694508725241931 0.9883015856045598 0.15011376490672507 0.5060122239630398 -0.1704638568421172 -0.14342607546314437 0.9748698975680888 -4.269034002906318
0.98538087296473 -0.05118344778864094 0.16249568693118432 0.5907976463919166 0.026591074380825027 0.9883200969660408 0.1500550012869088 0.4968588197151891 -0.16827810076632993 -0.14354037403924788 0.9752327338782703 -4.29765210112372
0.9857892977689732 -0.050459732611935405 0.16022901716850266 0.5753146008162728 0.02621064888160951 0.9883397166792579 0.14999271398975306 0.48839056588536256 -0.16592926707041472 -0.14366151621805293 0.9756173273859848 -4.325735985218548
0.9862204201217225 -0.04968410250607526 0.1577996450379904 0.5600876349480737 0.02580292544934456 0.9883604184400767 0.14992696648555975 0.4806826572143672 -0.16341188966748396 -0.14378933960432558 0.9760232862514779 -4.353253716984814
0.9866740422171671 -0.048854608760422615 0.15520160954030562 0.5451447684936954 0.025366895883374752 0.9883821991387 0.1498577971434209 0.4738103721872208 -0.16071974368738992 -0.1439238250120952 0.9764503736197445 -4.380173129660174
0.9871495850890429 -0.04796942686419006 0.15242910110170377 0.5305136884862562 0.02490157911587148 0.9884050227806983 0.14978527527900157 0.46784915150895023 -0.15784677178159162 -0.14406475021698253 0.9768981615632001 -4.406462312446836
0.987646360868099 -0.04702668083731759 0.14947624376806387 0.5162221845115161 0.024406001831242325 0.9884288601392559 0.1497095166590121 0.4628742378884456 -0.1547869644648641 -0.14421193477983876 0.9773659353550481 -4.432088877690477
0.9881634881226371 -0.046024544677907446 0.14633745212181654 0.5022978589428462 0.023879214924040104 0.9884536698980775 0.14963064766270878 0.458960853136969 -0.15153446172967436 -0.14436512361784035 0.9778529147419461 -4.457021054326028
0.9886999459242446 -0.04496112282858489 0.14300659623045858 0.4887687314867658 0.02332019576731738 0.9884794005738542 0.149548833430529 0.45618439341537476 -0.1480829496283559 -0.14452399887514697 0.9783580801539706 -4.481226656531972
0.9892545197820614 -0.043834515258644055 0.13947778224654508 0.47566217439602976 0.022727945944271962 0.9885059847176795 0.14946425359157398 0.4546200447587977 -0.144426263690934 -0.14468814412058553 0.9788803225629942 -4.504673692351261
0.9898256021158912 -0.04264290212350878 0.135745364722332 0.46300620737701415 0.02210153674585569 0.988533355372958 0.14937715354420916 0.45434308565225523 -0.1405586698365947 -0.1448571459620259 0.979418126864072 -4.527329995021551
0.9904116334468293 -0.041384418266651825 0.13180346212501737 0.4508284991838962 0.021439963018838604 0.988561426710408 0.14928776419813583 0.45542904448347477 -0.13647396200047548 -0.14503047448326165 0.9799700674104637 -4.549163449501041
0.9910191401498114 -0.04003775351008614 0.1275852691488549 0.4391482892507623 0.020732026229677375 0.9885905177034674 0.14919510378131878 0.45722985458344756 -0.13210299784404403 -0.1452100992617649 0.9805422063965943 -4.570262078899806
0.9916508068169584 -0.038587757868225915 0.1230434094931046 0.4279507093308214 0.01996976385116177 0.9886207443038268 0.14909874772049442 0.4590444694871052 -0.1273966148662912 -0.14539673632453579 0.981137165594157 -4.590733508473874
0.9922985277129308 -0.037041822322684624 0.11820096427042986 0.41721259673294464 0.019157059655810535 0.9886517251014125 0.1489999320697943 0.4608682429502329 -0.12237879233390482 -0.14558803070024032 0.9817473131398398 -4.6105755204643275
