-0.6406382734506822 -0.31960100582536 0.6981674581828826 -0.3816134673679965 0.3195974284744778 0.7157636663615563 0.6209185595786002 -1.7587567026281916 -0.698169095780263 0.6209167182417308 -0.35640193981695595 3.842023688433452
-0.6406382734506845 -0.31960100516004913 0.6981674584874408 -0.38051551707873443 0.3195974295130448 0.7157636660296024 0.6209185594266918 -1.7583970887862226 -0.6981690953048412 0.6209167189668436 -0.3564019394849998 3.8411808304306687
-0.6406382734506911 -0.3196010031980893 0.6981674593855636 -0.37725910361572756 0.3195974325755101 0.7157636650508717 0.6209185589786198 -1.7573303812518404 -0.6981690939029455 0.6209167211049469 -0.35640193850626256 3.8386810543815386
-0.640638273450702 -0.31960099999085545 0.698167460853733 -0.371900154250445 0.31959743758186443 0.7157636634508303 0.6209185582462106 -1.7555752435041423 -0.6981690916112012 0.6209167246002412 -0.3564019369062104 3.8345671355321653
-0.6406382734507168 -0.3196009955895695 0.6981674628685016 -0.36449487085734056 0.31959744445199545 0.7157636612551718 0.6209185572410808 -1.753149675639892 -0.6981690884662815 0.6209167293967426 -0.3564019347105371 3.828882404778409
-0.6406382734507354 -0.31960099004547154 0.6981674654064134 -0.3550993637761559 0.3195974531059976 0.7157636584893895 0.6209185559749719 -1.7500721879290646 -0.6981690845047642 0.6209167354386892 -0.35640193194473635 3.82166987548359
-0.6406382734507576 -0.31960098340982557 0.6981674684440006 -0.3437693772106596 0.31959746346386125 0.7157636551790479 0.6209185544595963 -1.7463611634912302 -0.6981690797632749 0.620916742670224 -0.3564019286343729 3.8129722832505255
-0.6406382734507832 -0.3196009757338683 0.6981674719578096 -0.3305613876368567 0.3195974754455782 0.7157636513497354 0.620918552706639 -1.7420350229624424 -0.6981690742784391 0.6209167510354778 -0.3564019248050351 3.8028330184400043
-0.640638273450812 -0.31960096706897595 0.6981674759243214 -0.31553123079265166 0.3195974889710354 0.7157636470270087 0.620918550727875 -1.7371120728577107 -0.6981690680869295 0.6209167604785453 -0.35640192048228 3.791294935713452
-0.6406382734508438 -0.31960095746625666 0.6981674803201408 -0.29873510855192453 0.31959750396032727 0.7157636422364785 0.6209185485349098 -1.7316107468424484 -0.6981690612253243 0.6209167709435963 -0.35640191569171864 3.7784011674927984
-0.6406382734508781 -0.31960103997387695 0.6981674425504918 -0.2802288566527227 0.3195975203334447 0.7157635542964662 0.6209186414801887 -1.725549243039502 -0.698169053730249 0.6209168298480128 -0.35640182775191076 3.764194618057951
-0.6406382734509151 -0.31960102864941864 0.69816744773447 -0.26006867696907054 0.3195975380102754 0.7157635486470051 0.6209186388940315 -1.7189458867221226 -0.6981690456383762 0.6209168421894189 -0.3564018221024117 3.7487184694493223
-0.6406382734509545 -0.3196010165409143 0.6981674532773597 -0.2383107713745618 0.31959755691091357 0.7157635426064433 0.6209186361288004 -1.7118193283400478 -0.6981690369862842 0.6209168553852347 -0.3564018160618099 3.732015754851875
-0.6406382734509956 -0.319601003699643 0.6981674591556872 -0.21501097560738636 0.31959757695545365 0.7157635362002397 0.6209186331962756 -1.7041876576239625 -0.6981690278105512 0.6209168693797174 -0.35640180965556384 3.7141294281640005
-0.640638273451039 -0.3196009901769436 0.6981674653459505 -0.1902254915412822 0.3195975980635761 0.7157635294541674 0.620918630108089 -1.6960694166314418 -0.6981690181479444 0.6209168841167313 -0.35640180290944795 3.695102572189145
-0.6406382734510838 -0.31960097602396076 0.6981674718247378 -0.16401024644814743 0.31959762015558235 0.7157635223936214 0.6209186268759892 -1.687482943665096 -0.6981690080349474 0.6209168995406773 -0.35640179584885656 3.67497811102886
-0.6406382734511301 -0.3196010542888689 0.6981674359972674 -0.13642153373614363 0.3195976431513599 0.7157634323369966 0.6209187188523613 -1.678446487393615 -0.698168997508233 0.6209169630688189 -0.3564017057924159 3.653799345782166
-0.6406382734511775 -0.3196010390292291 0.6981674429826498 -0.10751528067702454 0.31959766697079617 0.7157634247243678 0.6209187153675336 -1.6689784945117707 -0.6981689866044741 0.6209169796988011 -0.35640169817973694 3.6316091509321318
-0.6406382734512259 -0.31960102329306317 0.6981674501861708 -0.07734750607668328 0.31959769153403716 0.7157634168740349 0.620918711773869 -1.6590973351097744 -0.6981689753602252 0.6209169968480759 -0.35640169032935276 3.608450520020434
-0.6406382734512753 -0.31960091413484465 0.698167500155615 -0.0459743202750067 0.31959771676097054 0.7157634915188039 0.6209186127424314 -1.6488214110654387 -0.6981689638121588 0.6209169669875214 -0.35640176497384773 3.5843665160288767
-0.6406382734513254 -0.31960089759951127 0.6981675077249669 -0.01345183361202329 0.3195977425716904 0.7157634832697635 0.6209186089662756 -1.638169015864413 -0.6981689519968534 0.620916985007756 -0.3564017567247581 3.559400251557745
-0.6406382734513757 -0.3196009737384054 0.6981674728707314 0.02016393510623038 0.31959776888603286 0.7157633921525494 0.6209187004571096 -1.6271584112047466 -0.6981689399510052 0.6209170508528002 -0.3564016656077112 3.533594769767199
-0.6406382734514262 -0.3196009566089837 0.698167480712041 0.05481696707414896 0.31959779562409224 0.7157633836071324 0.6209186965452805 -1.615808183960975 -0.6981689277111927 0.6209170695204728 -0.35640165706224186 3.5069929649619516
-0.6406382734514771 -0.3196009392593155 0.6981674886541723 0.0904510604175659 0.31959782270591086 0.7157633749518684 0.620918692583137 -1.6041365510141867 -0.6981689153140174 0.6209170884281366 -0.3564016484069259 3.479638068800896
-0.6406382734515279 -0.31960092174079135 0.6981674966736006 0.12701028786472524 0.3195978500513769 0.715763366212301 0.620918688582469 -1.5921619590591543 -0.6981689027961523 0.6209171075198944 -0.35640163966730687 3.4515729557671015
-0.6406382734515783 -0.3196009781824551 0.6981674708361875 0.16443853907559802 0.31959787758053243 0.7157632915325074 0.6209187604997692 -1.5799027015815275 -0.6981688901941993 0.62091716455528 -0.35640156498762954 3.422840738460854
-0.6406382734516283 -0.3196009604798392 0.6981674789398896 0.20267970371029742 0.31959790521331716 0.7157632827011347 0.6209187564570386 -1.5673771804591188 -0.6981688775448075 0.6209171838476206 -0.35640155615620384 3.393484479863956
-0.6406382734516777 -0.3196008686841208 0.6981675209612725 0.24167767142893748 0.3195979328698249 0.7157633397437289 0.6209186764659591 -1.5546037975697402 -0.6981688648845552 0.6209171653411257 -0.3564016131985837 3.3635472429582114
-0.6406382734517266 -0.31960092508034393 0.6981674951446674 0.28137660649361385 0.319597960469892 0.7157632650412832 0.6209187483728665 -1.5416008594284007 -0.6981688522501388 0.6209172224260092 -0.35640153849624956 3.3330718824050454
-0.6406382734517745 -0.319600907485975 0.6981675031988174 0.32172003242817704 0.3195979879337161 0.7157632562639028 0.620918744354859 -1.5283866782789923 -0.6981688396780894 0.620917241600389 -0.3564015297188194 3.30210183818373
-0.6406382734518216 -0.3196008900301986 0.6981675111895239 0.3626524796309867 0.3195980151811847 0.7157632475556797 0.6209187403684914 -1.5149796502704442 -0.6981688272050797 0.6209172606237096 -0.35640152101054784 3.270679587958223
-0.6406382734518673 -0.3196008727642667 0.698167519093326 0.404117425859039 0.31959804213234055 0.7157632389421433 0.62091873642549 -1.501398211932611 -0.6981688148677118 0.6209172794401614 -0.35640151239696405 3.2388485568093754
-0.6406382734519122 -0.31960085573954267 0.69816752688671 0.4460588065394442 0.3195980687069677 0.7157632304489526 0.6209187325375647 -1.4876607492495049 -0.6981688027027055 0.6209172979937275 -0.3564015039037281 3.206651772998927
-0.6406382734519556 -0.31960083900713665 0.6981675345462806 0.48842074016730197 0.31959809482531576 0.71576322210158 0.6209187287164019 -1.4737855846299348 -0.6981687907465687 0.620917316228738 -0.35640149555631145 3.174132125908367
-0.6406382734519976 -0.3196009156152032 0.6981674994772866 0.5311471621694359 0.3195981204073238 0.715763131218386 0.6209188203143446 -1.4597908872735883 -0.69816877903595 0.620917381562455 -0.35640140467326376 3.141332743036402
-0.6406382734520382 -0.3196008066244504 0.6981675493700579 0.574181779138115 0.3195981453728283 0.7157632059467177 0.6209187213211766 -1.4456952310256415 -0.6981687676075464 0.6209173515194089 -0.3564014794013665 3.1082967766266028
-0.6406382734520769 -0.3196008840736403 0.6981675139160296 0.6174688468695722 0.31959816964192295 0.7157631154831109 0.6209188131112179 -1.4315169990056649 -0.6981687564979362 0.6209174159364983 -0.3564013889379039 3.075066962281787
-0.6406382734521143 -0.3196008690232389 0.6981675208056334 0.6609521634897844 0.3195981931347542 0.7157631079748473 0.6209188096741696 -1.4172745164869096 -0.6981687457436736 0.6209174323384533 -0.3564013814296011 3.0416864820423664
-0.6406382734521496 -0.319600854521654 0.6981675274440063 0.7045756186587209 0.31959821577089953 0.7157631007403864 0.6209188063624463 -1.4029860769550253 -0.698168735381574 0.6209174481422922 -0.3564013741951027 3.008198448508627
-0.6406382734521833 -0.319600840619859 0.6981675338078139 0.748283102036496 0.3195982374708148 0.7157630938051371 0.6209188031877011 -1.3886700822878244 -0.6981687254480496 0.6209174632924876 -0.35640136725981847 2.9746459246623704
-0.6384117713937867 -0.32037176081080154 0.69985165929705 0.7920185032833664 0.3203691963988003 0.716148824982825 0.6200761553829547 -1.3743450427552812 -0.6998528332046919 0.6200748304444439 -0.3545605963790391 2.941071923866919
-0.6318524934709335 -0.32261674069693347 0.7047558904448062 0.8357261697291298 0.3226142205987749 0.7172852008813094 0.6175937218464133 -1.3600289845128781 -0.7047570440669672 0.617592405408897 -0.3491376943545965 2.9075192611404117
-0.6211014710339704 -0.32621357778023535 0.7126132642262958 0.8793496248980666 0.3262111035732735 0.7191477847619172 0.6135248809767492 -1.3457405449809943 -0.7126143968409178 0.6135235654348131 -0.34024925579817145 2.8740312276066717
-0.606258152150157 -0.33101592656413326 0.7231040791700495 0.9228328042171439 0.33101349671159425 0.7217193449977638 0.607907272575976 -1.331498001751478 -0.7231051914806312 0.6079059494830487 -0.32797749715014396 2.8406509011459224
-0.5873931948740911 -0.33685720657764645 0.7358644284053366 0.9661197346476098 0.3368548157565597 0.7249876375026493 0.600767641080927 -1.317319817412903 -0.7358655228485855 0.6007663005237828 -0.31238083237891817 2.8074211909612954
-0.5645626369027784 -0.34355372796709827 0.7504930812561103 1.0091545346844206 0.3435513867049559 0.7289429671047312 0.5921271784014416 -1.3032242059819166 -0.7504941530128555 0.5921258199981316 -0.29350560400962855 2.7743850360527618
-0.5378201468439682 -0.3509083664013302 0.7665590701559029 1.0518807736187095 0.3509059538136951 0.7335759354833176 0.5820063216648736 -1.2892296805929342 -0.7665601745635064 0.5820048670495164 -0.2713960823295748 2.741585742442565
-0.5072289644663113 -0.35871336667674714 0.7836092764725716 1.0942429818484065 0.35871103624257206 0.7388757978895862 0.5704287403092585 -1.2753543122183988 -0.7836103432728627 0.5704272748216559 -0.24610476235807668 2.7090659366501115
-0.4728735162641833 -0.3667545180050494 0.8011752374723218 1.1361843167618146 0.3667522275708505 0.7448277773886396 0.5574265741800604 -1.2616168654290931 -0.8011762859619388 0.5574250672092019 -0.21770129365497687 2.676869187559726
-0.43486846869201734 -0.37481425860480466 0.8187818308218561 1.177649308756864 0.37481202039475703 0.751412048771385 0.5430431680159413 -1.2480354111974594 -0.8187828554049359 0.5430416231816123 -0.1862805174655139 2.645038121690815
-0.39336611359975 -0.3826759563727381 0.8359558679055007 1.218581481357691 0.3826738001704763 0.7586022381142989 0.5273361423144283 -1.2346284785517145 -0.8359568549479781 0.527334577609118 -0.15196835171606682 2.613616079785685
-0.3485626689628737 -0.39012797470577304 0.852234843900113 1.258925090360386 0.3901258611628616 0.7663643072841614 0.5103798203032749 -1.2214143422192665 -0.8522358114145484 0.5103782047392299 -0.11492697624903836 2.5826458470656353
-0.3007015904305531 -0.39696783905583527 0.8671765035261717 1.2986241169590564 0.39696574855054356 0.774656093554759 0.4922663214116798 -1.208411372290326 -0.8671774604948185 0.4922646356115998 -0.07535768398734402 2.552170417072344
-0.25007452722056617 -0.4030066274859125 0.8803683257806594 1.3376220846775533 0.4030046086790429 0.7834271082897841 0.47310596210590944 -1.1956378810087849 -0.8803692499280412 0.47310424242352517 -0.03350163551232208 2.522233229785082
-0.19702166789109168 -0.4080731823984317 0.8914363354657632 1.3758631577782585 0.4080712535518447 0.7926183952601192 0.45302751739811503 -1.1831123916739772 -0.8914372184321443 0.4530257799535139 0.010359936846909345 2.49287704062831
-0.14192768552693166 -0.41201820194095035 0.9000541835635867 1.4132915005231257 0.4120163062282565 0.8021632736529113 0.43217663727284955 -1.1708531024087496 -0.9000550513624108 0.43217482998410595 0.05590904081825381 2.4641447538819365
-0.0852164360381841 -0.414717522941394 0.9059511770478057 1.4498507279702852 0.41471580855957535 0.8119884094689732 0.41071355105331614 -1.1588785104537171 -0.9059519618388868 0.4107118199582301 0.10279515449120485 2.436079640848142
-0.027344569488620542 -0.4160759351947201 0.9089186380921678 1.4854849128476961 0.41607428872477004 0.8220145661426941 0.38881131582223155 -1.1472068457193276 -0.9089193917953664 0.38880955389634836 0.15064086436708948 2.408724675246961
0.03120827026041862 -0.41602883514134137 0.9088157416100863 1.5201374871456437 0.41602725701711113 0.8321587014796518 0.3666513561552969 -1.1358567774135613 -0.9088164640267975 0.36664956550177236 0.19904956877921218 2.382123217642341
0.0899476605681399 -0.41454438148336814 0.9055729535155576 1.5537533473980352 0.4145428805563038 0.8423351613686952 0.34442078349318 -1.124846249358456 -0.9055736405938507 0.3444189769779617 0.24761249919794748 2.356317616793187
0.1483750187701093 -0.4116244281187215 0.8991941859136463 1.5862761086628576 0.41162296058400283 0.8524575482894816 0.32230834100957867 -1.114193650402465 -0.8991948577060649 0.32230646679863834 0.29591747047909844 2.3313511936201614
0.20600068635750265 -0.4073042447652817 0.8897566911332678 1.6176492029305405 0.40730284397256983 0.8624410590034144 0.3004992729390966 -1.1039177581457302 -0.8897573323733243 0.30049737426681894 0.3435596273525937 2.3072672590687295
0.26235144470622185 -0.4016520326577693 0.877409462065711 1.6478171605988696 0.4016507339193974 0.8722037081075014 0.2791726696966127 -1.0940365351685322 -0.8774100565884617 0.27917080116911724 0.39014773659733754 2.2841084892767807
0.31698307720876406 -0.39476708598873783 0.862369222887287 1.67672323059 0.39476585407996556 0.8816685130118467 0.2584967187722013 -1.08456860586189 -0.8623697868175682 0.25849483744059515 0.4353145641955737 2.261918433306998
0.36948768552412153 -0.3867773075013225 0.8449154778130504 1.7043121263699925 0.38677614430476936 0.8907648186380099 0.2386257573555913 -1.0755320860152064 -0.8449160102890488 0.23862387198019552 0.4787228668848138 2.2407395291800527
0.41950116196373 -0.37783638227702665 0.8253838157723283 1.7305269137931563 0.37783523709434613 0.8994295299593954 0.21969764278862938 -1.066945771986866 -0.8253843400022438 0.2196956732956513 0.5200716320029682 2.220615415220396
0.46670920302351 -0.3681198991117258 0.8041581061527223 1.7553124893932543 0.36811883203721635 0.907608224566526 0.20183120719738598 -1.0588274992067443 -0.8041585946271518 0.20182926095383502 0.5591009784556926 2.2015884898054146
0.5108515847419777 -0.3578215630370454 0.7816612996639501 1.7786122851605728 0.3578205581295987 0.9152557983252633 0.1851250167098094 -1.0511959368828214 -0.7816617596802549 0.1851230743524709 0.5955957864154657 2.183702113499057
0.5517227286493431 -0.34714879298850415 0.7583467190001867 1.8003702822889327 0.347147914938052 0.9223366536848001 0.1696567783016288 -1.0440692383209833 -0.7583471209452083 0.16965498164259635 0.6293860749635029 2.166999379079967
0.5891693788750195 -0.33631927119622235 0.7346895880697274 1.820530461972585 0.33631846893182205 0.9288242122800034 0.1554846299085096 -1.0374658820036038 -0.7346899553222289 0.15548289457195283 0.6603451665940686 2.151523230471338
0.6230903415669939 -0.325555695250725 0.7111764306666414 1.839036439269804 0.3255549321016276 0.9347009469840976 0.14264685727816087 -1.0314044735634607 -0.7111767800134026 0.14264511557304876 0.6883893945819619 2.137316889356868
0.6534283957710735 -0.31508275857168583 0.6882980363555443 1.855832561510531 0.3150819766862143 0.939956941198363 0.13116515032784046 -1.0259031475481981 -0.6882983942793629 0.1311632720843522 0.7134714545716436 2.1244231211362137
0.680164741362728 -0.305122769597876 0.6665403364237567 1.8708628098885873 0.3051220231060214 0.9445889593654013 0.12104647397044135 -1.0209800572637031 -0.6665406781454992 0.12104459227040931 0.7355757819962729 2.112885018588019
0.7033089443670953 -0.2958929424708368 0.6463775176854405 1.8840707994625334 0.2958921644133913 0.9485986359238493 0.11228737668220323 -1.016654025127078 -0.646377873857081 0.11228532637598934 0.754710308442012 2.1027457041590147
0.7228875675179688 -0.2876021927376024 0.6282662997968912 1.8954008775618814 0.28760144533041954 0.9519905953979851 0.10487761876417473 -1.01294286050948 -0.6282666419378063 0.10487556915846939 0.7708969721187646 2.0940480921043076
0.7389328202342539 -0.28044861916489916 0.6126392569768553 1.904796659245191 0.28044789849940394 0.9547704057523835 0.09880510374822257 -1.0098653858280116 -0.6126395868762644 0.09880305819118317 0.7841624144806673 2.086835304870629
0.7514687125235864 -0.27461699828962033 0.5999002236610201 1.9122021257062842 0.27461637162357366 0.9569422376099723 0.09406063105424382 -1.0074397543885594 -0.5999005105302434 0.09405880144047098 0.7945264749126585 2.081150435236622
0.7604974365061983 -0.2702766276102325 0.5904186596264897 1.9175601597314813 0.2702760212107655 0.9585064482214435 0.09064359368643266 -1.0056848261247093 -0.5904189372182932 0.0906417855381994 0.8019909882838262 2.077037260406987
0.7659843012701829 -0.26757876520648566 0.5845251531099428 1.920817305466585 0.26757816708229765 0.9594570373623801 0.08856702522204594 -1.0046179726816813 -0.584525426913584 0.08856521815237035 0.8065272639068783 2.0745368792183694
0.7678430048851399 -0.26665423198712523 0.5825054853066325 1.9219149811538643 0.2666536305973332 0.9597790534125668 0.08786358699562773 -1.0042584542025152 -0.5825057606051807 0.08786176184116541 0.808063951471631 2.073694229535963
0.7678430048851399 -0.26665423198712523 0.5825054853066325 1.9228083578518187 0.2666536305973332 0.9597790534125668 0.08786358699562773 -1.0047041376065147 -0.5825057606051807 0.08786176184116541 0.808063951471631 2.0746678327763837
0.7678430048851399 -0.26665423198712523 0.5825054853066325 1.925458550891006 0.2666536305973332 0.9597790534125668 0.08786358699562773 -1.0060262529668833 -0.5825057606051807 0.08786176184116541 0.808063951471631 2.0775560170513954
0.7678430048851399 -0.26665423198712523 0.5825054853066325 1.9298203492092627 0.2666536305973332 0.9597790534125668 0.08786358699562773 -1.0082022456097306 -0.5825057606051807 0.08786176184116541 0.808063951471631 2.082309511278905
0.7678430048851399 -0.26665423198712523 0.5825054853066325 1.9358489235946128 0.2666536305973332 0.9597790534125668 0.08786358699562773 -1.011209751356723 -0.5825057606051807 0.08786176184116541 0.808063951471631 2.088879460517714
0.7678430048851399 -0.26665423198712523 0.5825054853066325 1.9434989866148547 0.2666536305973332 0.9597790534125668 0.08786358699562773 -1.0150261774348595 -0.5825057606051807 0.08786176184116541 0.808063951471631 2.097216510457551
0.7678430048851399 -0.26665423198712523 0.5825054853066325 1.9527256326879752 0.2666536305973332 0.9597790534125668 0.08786358699562773 -1.0196291215666942 -0.5825057606051807 0.08786176184116541 0.808063951471631 2.1072717229290383
0.7678430048851399 -0.26665423198712523 0.5825054853066325 1.96348395623196 0.2666536305973332 0.9597790534125668 0.08786358699562773 -1.0249961814747826 -0.5825057606051807 0.08786176184116541 0.808063951471631 2.1189961597628
0.7678430048851399 -0.26665423198712523 0.5825054853066325 1.975728593444571 0.2666536305973332 0.9597790534125668 0.08786358699562773 -1.0311047262870119 -0.5825057606051807 0.08786176184116541 0.808063951471631 2.1323403834203836
0.7678430048851399 -0.26665423198712523 0.5825054853066325 1.989414715113832 0.2666536305973332 0.9597790534125668 0.08786358699562773 -1.037932391825048 -0.5825057606051807 0.08786176184116541 0.808063951471631 2.1472555389605925
0.7678430048851399 -0.26665423198712523 0.5825054853066325 2.004497262917654 0.2666536305973332 0.9597790534125668 0.08786358699562773 -1.0454566996132235 -0.5825057606051807 0.08786176184116541 0.808063951471631 2.163692521757691
0.7678430048851399 -0.26665423198712523 0.5825054853066325 2.020931102163911 0.2666536305973332 0.9597790534125668 0.08786358699562773 -1.0536551330767598 -0.5825057606051807 0.08786176184116541 0.808063951471631 2.181602143957765
0.7678430048851399 -0.26665423198712523 0.5825054853066325 2.0386714036406266 0.2666536305973332 0.9597790534125668 0.08786358699562773 -1.062505328037323 -0.5825057606051807 0.08786176184116541 0.808063951471631 2.2009355506196178
0.7678430048851399 -0.26665423198712523 0.5825054853066325 2.0576727271755253 0.2666536305973332 0.9597790534125668 0.08786358699562773 -1.0719846155236887 -0.5825057606051807 0.08786176184116541 0.808063951471631 2.2216432209766173
0.7678430048851399 -0.26665423198712523 0.5825054853066325 2.0778903962967057 0.2666536305973332 0.9597790534125668 0.08786358699562773 -1.0820707075557463 -0.5825057606051807 0.08786176184116541 0.808063951471631 2.2436764665439246
0.7678430048851399 -0.26665423198712523 0.5825054853066325 2.0992791999420035 0.2666536305973332 0.9597790534125668 0.08786358699562773 -1.092741049459605 -0.5825057606051807 0.08786176184116541 0.808063951471631 2.2669860162394473
0.7678430048851399 -0.26665423198712523 0.5825054853066325 2.1217942325294055 0.2666536305973332 0.9597790534125668 0.08786358699562773 -1.10397323895782 -0.5825057606051807 0.08786176184116541 0.808063951471631 2.2915229318938075
0.7678428521450937 -0.26665430818562763 0.5825056517629097 2.1453902066267108 0.26665370679557354 0.9597790269506301 0.08786364480194267 -1.1157446832773903 -0.5825059270615778 0.0878618196473643 0.8080638251935215 2.3172378591967338
0.7678428521450937 -0.26665430818562763 0.5825056517629097 2.170022216651905 0.26665370679557354 0.9597790269506301 0.08786364480194267 -1.1280329801408704 -0.5825059270615778 0.0878618196473643 0.8080638251935215 2.344081859978848
0.7678428521450937 -0.26665430818562763 0.5825056517629097 2.1956452806529376 0.26665370679557354 0.9597790269506301 0.08786364480194267 -1.1408156891717036 -0.5825059270615778 0.0878618196473643 0.8080638251935215 2.3720059128425963
0.7678428521450937 -0.26665430818562763 0.5825056517629097 2.2222142639376825 0.26665370679557354 0.9597790269506301 0.08786364480194267 -1.154070293795112 -0.5825059270615778 0.0878618196473643 0.8080638251935215 2.400960829934063
0.7678428521450937 -0.26665430818562763 0.5825056517629097 2.249684031814013 0.26665370679557354 0.9597790269506301 0.08786364480194267 -1.1677742774363158 -0.5825059270615778 0.0878618196473643 0.8080638251935215 2.4308974233993337
0.7678428521450937 -0.26665430818562763 0.5825056517629097 2.278009907810028 0.26665370679557354 0.9597790269506301 0.08786364480194267 -1.1819053521152043 -0.5825059270615778 0.0878618196473643 0.8080638251935215 2.4617670047535705
0.7678428521450937 -0.26665430818562763 0.5825056517629097 2.307146375383414 0.26665370679557354 0.9597790269506301 0.08786364480194267 -1.196440810761442 -0.5825059270615778 0.0878618196473643 0.8080638251935215 2.4935199700019623
0.7678428521450937 -0.26665430818562763 0.5825056517629097 2.3370486053221953 0.26665370679557354 0.9597790269506301 0.08786364480194267 -1.2113582891966952 -0.5825059270615778 0.0878618196473643 0.8080638251935215 2.5261074642033123
0.7678428521450937 -0.26665430818562763 0.5825056517629097 2.367671768414395 0.26665370679557354 0.9597790269506301 0.08786364480194267 -1.2266354232426302 -0.5825059270615778 0.0878618196473643 0.8080638251935215 2.5594806324164225
0.7678430048851399 -0.26665423198712523 0.5825054853066325 2.3989704244877372 0.2666536305973332 0.9597790534125668 0.08786358699562773 -1.2422495439280228 -0.5825057606051807 0.08786176184116541 0.808063951471631 2.593589953874662
0.7678430048851399 -0.26665423198712523 0.5825054853066325 2.4308997443302456 0.2666536305973332 0.9597790534125668 0.08786358699562773 -1.2581782870745397 -0.5825057606051807 0.08786176184116541 0.808063951471631 2.6283865736368335
0.7678430048851399 -0.26665423198712523 0.5825054853066325 2.4634145932497944 0.2666536305973332 0.9597790534125668 0.08786358699562773 -1.2743991361074012 -0.5825057606051807 0.08786176184116541 0.808063951471631 2.663821303849023
0.7678428521450937 -0.26665430818562763 0.5825056517629097 2.4964700656643695 0.26665370679557354 0.9597790269506301 0.08786364480194267 -1.290889688749163 -0.5825059270615778 0.0878618196473643 0.8080638251935215 2.699845206341853
0.7678428521450937 -0.26665430818562763 0.5825056517629097 2.5300209505118074 0.26665370679557354 0.9597790269506301 0.08786364480194267 -1.3076273903259346 -0.5825059270615778 0.0878618196473643 0.8080638251935215 2.7364090100332312
0.7678428521450937 -0.26665430818562763 0.5825056517629097 2.564022265840057 0.26665370679557354 0.9597790269506301 0.08786364480194267 -1.3245898004611596 -0.5825059270615778 0.0878618196473643 0.8080638251935215 2.773463693525602
0.7678428521450937 -0.26665430818562763 0.5825056517629097 2.5984291442521235 0.26665370679557354 0.9597790269506301 0.08786364480194267 -1.341754535926949 -0.5825059270615778 0.0878618196473643 0.8080638251935215 2.8109603602636763
0.7678428521450937 -0.26665430818562763 0.5825056517629097 2.6331962219457683 0.26665370679557354 0.9597790269506301 0.08786364480194267 -1.3590989658511894 -0.5825059270615778 0.0878618196473643 0.8080638251935215 2.848849572709004
0.7678428521450937 -0.26665430818562763 0.5825056517629097 2.668278784264071 0.26665370679557354 0.9597790269506301 0.08786364480194267 -1.3766007832042146 -0.5825059270615778 0.0878618196473643 0.8080638251935215 2.887082600762657
0.7678428521450937 -0.26665430818562763 0.5825056517629097 2.7036314292197745 0.26665370679557354 0.9597790269506301 0.08786364480194267 -1.394237338064356 -0.5825059270615778 0.0878618196473643 0.8080638251935215 2.925609965272092
0.7678428521450937 -0.26665430818562763 0.5825056517629097 2.7392094803409774 0.26665370679557354 0.9597790269506301 0.08786364480194267 -1.4119863424515022 -0.5825059270615778 0.0878618196473643 0.8080638251935215 2.9643829777524715
0.7678428521450937 -0.26665430818562763 0.5825056517629097 2.7749675738254416 0.26665370679557354 0.9597790269506301 0.08786364480194267 -1.4298251654935406 -0.5825059270615778 0.0878618196473643 0.8080638251935215 3.0033522006653426
0.7678428521450937 -0.26665430818562763 0.5825056517629097 2.8108606895360966 0.26665370679557354 0.9597790269506301 0.08786364480194267 -1.4477313477643594 -0.5825059270615778 0.0878618196473643 0.8080638251935215 3.0424685709990604
0.7678428521450937 -0.26665430818562763 0.5825056517629097 2.846844227371079 0.26665370679557354 0.9597790269506301 0.08786364480194267 -1.4656826393829585 -0.5825059270615778 0.0878618196473643 0.8080638251935215 3.0816834834969655
0.7678428521450937 -0.26665430818562763 0.5825056517629097 2.8828725944180373 0.26665370679557354 0.9597790269506301 0.08786364480194267 -1.4836562951798913 -0.5825059270615778 0.0878618196473643 0.8080638251935215 3.1209472509360676
0.7696949629608252 -0.2657276017738929 0.5804812707126987 2.918900923279977 0.26572700999718196 0.9600999027674912 0.08716268045334279 -1.5016299319272686 -0.5804815416106627 0.0871608763227483 0.8095950601924143 3.16021097676108
0.7750886848380556 -0.26299739074408696 0.5745171042691553 2.9548842701898654 0.26299680932841213 0.9610343555118702 0.08512135929929145 -1.5195811282980893 -0.5745173704241572 0.08511956289647112 0.8140543293252763 3.1994256811885373
0.7837301119342669 -0.25852253122712077 0.5647417219361642 2.9907775768256144 0.2585219596871097 0.9625314665319259 0.08185091505558466 -1.5374874058166863 -0.5647419835704071 0.08184910985357445 0.8211986454014276 3.2385422595927036
0.7952679375064147 -0.25234424224705443 0.5512452185543684 3.026535593940041 0.25234369916460053 0.9645303755377999 0.07748427038332532 -1.5553261907596134 -0.5512454671616076 0.07748250169987149 0.8307375619677435 3.2775113992773957
0.8093016520051286 -0.24449211131349505 0.5340921676707489 3.062113606876225 0.24449159185364208 0.9669616918630987 0.07217304193482411 -1.5730751760972042 -0.5340924054642997 0.07217128220229513 0.8423399601411742 3.316284370143685
0.8253901864515054 -0.2349893342856221 0.5133332766162243 3.097466442757022 0.2349888466433229 0.9697490032279455 0.06608413343342534 -1.5907118262051236 -0.5133334998446817 0.06608239939958328 0.8556411832227362 3.3548119427235683
0.8430596877337303 -0.22385821312571885 0.48901724236929056 3.132548699595175 0.22385775668155236 0.9728102145907784 0.05939689521638819 -1.6082134911617036 -0.48901745131621643 0.059395174921907046 0.8702494731421491 3.393044637864504
0.8618114173071882 -0.21112523019237234 0.4612019277661283 3.1673159300288947 0.2111248082517967 0.9760589212592062 0.05230007238003304 -1.625557997284167 -0.4612021209183858 0.052298369061878014 0.8857524960472029 3.43093401676619
0.8811302779927433 -0.1968255300879064 0.42996411932863127 3.20172254114583 0.19682515020851538 0.9794058843354035 0.0449885982731347 -1.6427225994030665 -0.4299642932265727 0.044986936268218855 0.9017243936566056 3.468430392205638
0.900493946114792 -0.18100667772968465 0.3954076828134124 3.2357241619542294 0.18100633162077012 0.9827606108388718 0.03766018715831747 -1.6596851619347368 -0.3954078412522971 0.037658523615109886 0.9177333352751923 3.505485408610725
0.9193819347633914 -0.16373207202841952 0.3576711710775746 3.269275123171705 0.16373177247368922 0.9860329297264222 0.030511771134311975 -1.6764229016106196 -0.35767130820537907 0.030510163624749887 0.9333490050362959 3.542049295530282
0.9372854870138401 -0.14508351733772937 0.31693325611261064 3.3023305955862803 0.14508326498950314 0.989134698766273 0.02373592038535999 -1.6929134542523814 -0.31693337163071744 0.02373437788245808 0.9481507882469531 3.5780731980231124
0.9537183343996384 -0.1251622090764791 0.27341499602083863 3.3348452917657543 0.12516200235799577 0.9919816728786883 0.01751667315834244 -1.7091342270870205 -0.2734150906510402 0.017515196027874404 0.9617366615203918 3.6135077617789433
0.9682266307032289 -0.10408969442390233 0.22738189706265508 3.366774458868188 0.10408952558985798 0.994495223902113 0.012025817991491534 -1.7250628940353145 -0.2273819743505442 0.012024356557621567 0.9737314068005734 3.6483042150847567
0.9803991131371457 -0.08200758151311414 0.17914333795669943 3.3980735731617546 0.08200745526631383 0.9966041021588453 0.007418951469400863 -1.740677243315375 -0.1791433957494438 0.007417555832734041 0.9837950109778085 3.6824140359120716
0.9898769866420528 -0.059075860337867644 0.12904880488323017 3.4286964307738046 0.05907577574695049 0.9982461467210116 0.003831876374364376 -1.7559542249648648 -0.12904884360716015 0.0038305720190529927 0.9916308399206136 3.715786871212465
0.9963624566054754 -0.03547081949091962 0.07748339197366509 3.4585983552324358 0.035470771369968054 0.9993697650821423 0.001377322795511504 -1.7708715510036728 -0.07748341400274956 0.0013760829575929293 0.9969926915229481 3.748374032501098
0.9996260732039364 -0.011382658631040328 0.024862599489347922 3.487735357396084 0.011382644139651106 0.9999352055093519 0.00014211038054929176 -1.7854072763436897 -0.02486260612382754 0.00014094488070391312 0.9996908676942448 3.7801275803467442
0.9995129125700399 0.01298860738756084 -0.0283766397568054 3.516060851541912 -0.01298859201551799 0.9999156275903799 0.00018487290562059388 -1.7995381605270215 0.0283766467929199 0.00018378974022034705 0.9995972849793667 3.810996745560085
0.9959465240498806 0.03743771820147603 -0.08178593087339407 3.5435308485283548 -0.03743767636036574 0.9992977862076612 0.0015345583091168164 -1.8132422584655594 0.08178595002625595 0.0015335371969526165 0.9966487378419582 3.8409335887098934
0.9889312114406829 0.061756986816546046 -0.1349115770340125 3.5700995263329496 -0.06175692108818531 0.9980824267125121 0.0041895328344033825 -1.8264967106925223 0.13491160712174094 0.004188563835475089 0.9908487847279348 3.8698881728886434
0.9785518124852981 0.08574274070080551 -0.187308656230438 3.595722590333982 -0.08574265472614948 0.9962842468087015 0.008117679553317178 -1.839279419723356 0.18730869558632426 0.008116771398312104 0.982267565676388 3.897812225752391
0.9649722240040256 0.10919783559078278 -0.23854651454802872 3.620354676729214 -0.10919773663801695 0.9939316411973728 0.013256958166612782 -1.851567754685947 0.2385465598449468 0.013256143065967854 0.9710405828064839 3.924656309762685
0.9484312355571121 0.1319368806207876 -0.2882201432094324 3.6439508799366314 -0.13193676803645993 0.9910659789802176 0.019517032255853443 -1.863339313302851 0.2882201947464873 0.019516271161231058 0.9573652565767456 3.9503714867501487
0.9292357454858133 0.15379082542571407 -0.33596028236430303 3.6664656834139215 -0.15379071058487576 0.9877404301785772 0.026781708840888086 -1.8745713885037325 0.3359603349343843 0.02678104937295503 0.9414953153071234 3.9749081527199714
0.9077549220961082 0.17460797840563463 -0.3814355191737992 3.6878544870592194 -0.17460785685862015 0.9840189509948044 0.0349113220363291 -1.8852417304075912 0.38143557481379203 0.03491071411733214 0.923735971101207 3.998217702415494
0.8844107571307694 0.1942575777312983 -0.4243602316020525 3.7080723852905115 -0.19425745543835812 0.9799746511704079 0.04374613205817808 -1.8953279367369826 0.4243602875835501 0.04374558900513114 0.9044361059602832 4.020251197667339
0.8596689667638205 0.2126308940715338 -0.4644969003874679 3.7270735560853354 -0.21263077695566798 0.9756882149354006 0.05310988540187716 -1.9048071480251259 0.464496953999113 0.05310941651451018 0.8839807518283609 4.04095870156798
0.834027507688454 0.2296428031838398 -0.5016595452743364 3.7448137048219765 -0.2296426870326036 0.9712459108929332 0.06281414543080371 -1.9136572667874663 0.5016595984444346 0.06281372079111935 0.8627815967954717 4.060291941773475
0.8080095988330143 0.24522915622830888 -0.5357080820085348 3.7612476204382705 -0.24522905504582793 0.9667383877328959 0.07266085772223803 -1.9218557383501138 0.5357081283264625 0.0726605162323576 0.8412712111000862 4.078201647201728
0.7821500639110714 0.259348029153231 -0.5665508602925616 3.7763300918720555 -0.2593479311113864 0.9622582990283534 0.08244765963509053 -1.929380008039178 0.5665509051728277 0.08244735123334765 0.8198917648826914 4.094638546770647
0.756988377931913 0.2719757265287733 -0.5941361795541131 3.7900162135413162 -0.2719756428159426 0.9578991107840554 0.0919703390989219 -1.9362076735772145 0.5941362178750478 0.09197009154209733 0.79908926714784 4.109553702310856
0.7330591807471449 0.2831042838097675 -0.6184466040095001 3.8022610798640395 -0.2831042109736346 0.9537534460556164 0.10102657999770309 -1.9423163326867774 0.6184466373514538 0.1010263758906312 0.7793057346915165 4.122898175652978
0.7108843808484906 0.2927375446405304 -0.6394905214492953 3.8130191742979123 -0.29273747536727845 0.9499117235959594 0.10941886441809513 -1.947683278297532 0.6394905531602874 0.10941867908536868 0.7609726572525211 4.134622362802201
0.6909657292419683 0.30088675591471914 -0.657292568897771 3.82224589674107 -0.3008867080972328 0.9464608750303743 0.116957261113403 -1.952286260528478 0.6572925907870296 0.11695713809705806 0.7445048542115895 4.144677658501868
0.6737788115866781 0.3075654241310001 -0.6718821495887222 3.8298957306511996 -0.3075653765877026 0.9434832877299135 0.1234618357988332 -1.9561025723092802 0.6718821713524691 0.12346171735996303 0.7302955238567604 4.153014458757167
0.6597687851050013 0.3127831106351966 -0.6832802323369535 3.8359246868867367 -0.3127830727097782 0.9410560896709401 0.12876406920981154 -1.9591102685518293 0.6832802496979554 0.12876397708446977 0.7187126954340587 4.159584824136872
0.6493406291395311 0.316541262979881 -0.6914899682423309 3.840286637945068 -0.3165412393740353 0.9392494419124636 0.13271069905126487 -1.9612863373928995 0.6914899790483068 0.1327106427466444 0.7100911872270664 4.16433848482074
0.6428587870518429 0.31882513077030405 -0.6964790850409882 3.8429366782441807 -0.31882510692021065 0.9381264797632997 0.13516382343007208 -1.9626083765550453 0.696479095958773 0.13516376717233797 0.7047323072885423 4.1672265026393935
0.6406379317235522 0.3195986602881131 -0.6981688454657745 3.8438299022020606 -0.3195986298038184 0.937741721107281 0.13600433935090525 -1.9630539837608223 0.6981688594204779 0.1360042677153833 0.7028962106162696 4.168199939423456
0.6406379317235522 0.3195986602881131 -0.6981688454657745 3.8427591375377403 -0.3195986298038184 0.937741721107281 0.13600433935090525 -1.9634258351177487 0.6981688594204779 0.1360042677153833 0.7028962106162696 4.169012250012334
0.6406379317235522 0.3195986602881131 -0.6981688454657745 3.8395827706375103 -0.3195986298038184 0.937741721107281 0.13600433935090525 -1.964528912555121 0.6981688594204779 0.1360042677153833 0.7028962106162696 4.171421926529682
0.6406379317235522 0.3195986602881131 -0.6981688454657745 3.834354806557956 -0.3195986298038184 0.937741721107281 0.13600433935090525 -1.9663444613883279 0.6981688594204779 0.1360042677153833 0.7028962106162696 4.175387999301416
0.6406379317235522 0.3195986602881131 -0.6981688454657745 3.8271293418896577 -0.3195986298038184 0.937741721107281 0.13600433935090525 -1.9688536951451563 0.6981688594204779 0.1360042677153833 0.7028962106162696 4.180869429213326
0.6406379317235522 0.3195986602881131 -0.6981688454657745 3.8179601986212144 -0.3195986298038184 0.937741721107281 0.13600433935090525 -1.972037922716197 0.6981688594204779 0.1360042677153833 0.7028962106162696 4.187825385471579
0.6406379317235522 0.3195986602881131 -0.6981688454657745 3.8069014733432067 -0.3195986298038184 0.937741721107281 0.13600433935090525 -1.9758783576292371 0.6981688594204779 0.1360042677153833 0.7028962106162696 4.196214828961966
0.6406379317235522 0.3195986602881131 -0.6981688454657745 3.7940071253452237 -0.3195986298038184 0.937741721107281 0.13600433935090525 -1.9803562610934657 0.6981688594204779 0.1360042677153833 0.7028962106162696 4.205996824730465
0.6406379317235522 0.3195986602881131 -0.6981688454657745 3.7793311139168546 -0.3195986298038184 0.937741721107281 0.13600433935090525 -1.9854528943180718 0.6981688594204779 0.1360042677153833 0.7028962106162696 4.217130437823053
0.6406379317235522 0.3195986602881131 -0.6981688454657745 3.762927489881683 -0.3195986298038184 0.937741721107281 0.13600433935090525 -1.991149486724643 0.6981688594204779 0.1360042677153833 0.7028962106162696 4.229574663845586
0.6406379317235522 0.3195986602881131 -0.6981688454657745 3.744850166762302 -0.3195986298038184 0.937741721107281 0.13600433935090525 -1.9974273154161688 0.6981688594204779 0.1360042677153833 0.7028962106162696 4.243288602564102
0.6406379317235522 0.3195986602881131 -0.6981688454657745 3.7251531953822945 -0.3195986298038184 0.937741721107281 0.13600433935090525 -2.0042676098142373 0.6981688594204779 0.1360042677153833 0.7028962106162696 4.2582312495844565
