{
   "origin_transformation_mtx": [
      [
         -0.7678427961387309,
         -0.6406383070160654,
         1.2021145039395212e-06,
         2.4353469958755083
      ],
      [
         0.26665372435662815,
         -0.31959850985276905,
         0.9092593600214567,
         0.5462201582324964
      ],
      [
         -0.5825059928486529,
         0.6981685699624978,
         0.4162300039784807,
         -4.676882368277332
      ],
      [
         0.0,
         0.0,
         0.0,
         1.0
      ]
   ],
   "Camera": [
      [
         [
            -0.7678427696228027,
            0.26665374636650085,
            -0.5825060606002808,
            -1.0
         ],
         [
            -0.6406382918357849,
            -0.319598525762558,
            0.6981686353683472,
            5.0
         ],
         [
            1.2021145039398107e-06,
            0.9092594981193542,
            0.41623005270957947,
            1.4500000476837158
         ],
         [
            0.0,
            0.0,
            0.0,
            1.0
         ]
      ],
      [
         [
            -0.7678020000457764,
            0.26667410135269165,
            -0.5825504660606384,
            -0.9831932783126831
         ],
         [
            -0.6406871676445007,
            -0.3195815682411194,
            0.6981315612792969,
            4.983193397521973
         ],
         [
            1.2021145039398107e-06,
            0.9092594981193542,
            0.41623005270957947,
            1.4500000476837158
         ],
         [
            0.0,
            0.0,
            0.0,
            1.0
         ]
      ],
      [
         [
            -0.76776123046875,
            0.26669445633888245,
            -0.5825949311256409,
            -0.9663865566253662
         ],
         [
            -0.6407360434532166,
            -0.3195645809173584,
            0.6980944871902466,
            4.966386318206787
         ],
         [
            1.2021145039398107e-06,
            0.9092594981193542,
            0.41623005270957947,
            1.4500000476837158
         ],
         [
            0.0,
            0.0,
            0.0,
            1.0
         ]
      ],
      [
         [
            -0.7677204608917236,
            0.26671478152275085,
            -0.5826393961906433,
            -0.9495798349380493
         ],
         [
            -0.6407849192619324,
            -0.3195476233959198,
            0.6980573534965515,
            4.94957971572876
         ],
         [
            1.2021145039398107e-06,
            0.9092594981193542,
            0.41623005270957947,
            1.4500000476837158
         ],
         [
            0.0,
            0.0,
            0.0,
            1.0
         ]
      ],
      [
         [
            -0.7676795125007629,
            0.2667351961135864,
            -0.5826839804649353,
            -0.9327731132507324
         ],
         [
            -0.6408339738845825,
            -0.31953057646751404,
            0.6980201601982117,
            4.932773113250732
         ],
         [
            1.2021145039398107e-06,
            0.9092594981193542,
            0.41623005270957947,
            1.4500000476837158
         ],
         [
            0.0,
            0.0,
            0.0,
            1.0
         ]
      ],
      [
         [
            -0.7676386833190918,
            0.2667555510997772,
            -0.582728385925293,
            -0.9159663915634155
         ],
         [
            -0.6408828496932983,
            -0.31951358914375305,
            0.6979830265045166,
            4.915966510772705
         ],
         [
            1.2021145039398107e-06,
            0.9092594981193542,
            0.41623005270957947,
            1.4500000476837158
         ],
         [
            0.0,
            0.0,
            0.0,
            1.0
         ]
      ],
      [
         [
            -0.7675979137420654,
            0.26677587628364563,
            -0.5827728509902954,
            -0.8991596698760986
         ],
         [
            -0.6409317255020142,
            -0.31949660181999207,
            0.6979459524154663,
            4.8991594314575195
         ],
         [
            1.2021145039398107e-06,
            0.9092594981193542,
            0.41623005270957947,
            1.4500000476837158
         ],
         [
            0.0,
            0.0,
            0.0,
            1.0
         ]
      ],
      [
         [
            -0.7675570845603943,
            0.2667962312698364,
            -0.5828172564506531,
            -0.8823529481887817
         ],
         [
            -0.64098060131073,
            -0.3194796144962311,
            0.697908878326416,
            4.882352828979492
         ],
         [
            1.2021145039398107e-06,
            0.9092594981193542,
            0.41623005270957947,
            1.4500000476837158
         ],
         [
            0.0,
            0.0,
            0.0,
            1.0
         ]
      ],
      [
         [
            -0.7675163149833679,
            0.26681655645370483,
            -0.5828617215156555,
            -0.8655462265014648
         ],
         [
            -0.641029417514801,
            -0.3194626271724701,
            0.697871744632721,
            4.865546226501465
         ],
         [
            1.2021145039398107e-06,
            0.9092594981193542,
            0.41623005270957947,
            1.4500000476837158
         ],
         [
            0.0,
            0.0,
            0.0,
            1.0
         ]
      ],
      [
         [
            -0.7674754858016968,
            0.26683688163757324,
            -0.5829061269760132,
            -0.848739504814148
         ],
         [
            -0.6410782933235168,
            -0.3194456398487091,
            0.6978346705436707,
            4.8487396240234375
         ],
         [
            1.2021145039398107e-06,
            0.9092594981193542,
            0.41623005270957947,
            1.4500000476837158
         ],
         [
            0.0,
            0.0,
            0.0,
            1.0
         ]
      ],
      [
         [
            -0.7674346566200256,
            0.26685723662376404,
            -0.5829505324363708,
            -0.831932783126831
         ],
         [
            -0.6411271691322327,
            -0.3194286525249481,
            0.6977975368499756,
            4.831932544708252
         ],
         [
            1.2021145039398107e-06,
            0.9092594981193542,
            0.41623005270957947,
            1.4500000476837158
         ],
         [
            0.0,
            0.0,
            0.0,
            1.0
         ]
      ],
      [
         [
            -0.7673937082290649,
            0.2668776214122772,
            -0.5829951167106628,
            -0.8151260614395142
         ],
         [
            -0.641176164150238,
            -0.31941160559654236,
            0.697760283946991,
            4.815125942230225
         ],
         [
            1.2021145039398107e-06,
            0.9092594981193542,
            0.41623005270957947,
            1.4500000476837158
         ],
         [
            0.0,
            0.0,
            0.0,
            1.0
         ]
      ],
      [
         [
            -0.7673528790473938,
            0.266897976398468,
            -0.5830395221710205,
            -0.7983193397521973
         ],
         [
            -0.6412250399589539,
            -0.31939461827278137,
            0.6977231502532959,
            4.798319339752197
         ],
         [
            1.2021145039398107e-06,
            0.9092594981193542,
            0.41623005270957947,
            1.4500000476837158
         ],
         [
            0.0,
            0.0,
            0.0,
            1.0
         ]
      ],
      [
         [
            -0.7673120498657227,
            0.2669183015823364,
            -0.5830839276313782,
            -0.7815126180648804
         ],
         [
            -0.6412738561630249,
            -0.3193776309490204,
            0.6976860761642456,
            4.78151273727417
         ],
         [
            1.2021145039398107e-06,
            0.9092594981193542,
            0.41623005270957947,
            1.4500000476837158
         ],
         [
            0.0,
            0.0,
            0.0,
            1.0
         ]
      ],
      [
         [
            -0.7672712206840515,
            0.26693862676620483,
            -0.5831283926963806,
            -0.7647058963775635
         ],
         [
            -0.6413227319717407,
            -0.3193606436252594,
            0.6976489424705505,
            4.764705657958984
         ],
         [
            1.2021145039398107e-06,
            0.9092594981193542,
            0.41623005270957947,
            1.4500000476837158
         ],
         [
            0.0,
            0.0,
            0.0,
            1.0
         ]
      ],
      [
         [
            -0.7672303915023804,
            0.26695895195007324,
            -0.5831727981567383,
            -0.7478991746902466
         ],
         [
            -0.6413715481758118,
            -0.3193436563014984,
            0.6976118087768555,
            4.747899055480957
         ],
         [
            1.2021145039398107e-06,
            0.9092594981193542,
            0.41623005270957947,
            1.4500000476837158
         ],
         [
            0.0,
            0.0,
            0.0,
            1.0
         ]
      ],
      [
         [
            -0.7671895623207092,
            0.26697927713394165,
            -0.583217203617096,
            -0.7310924530029297
         ],
         [
            -0.6414204239845276,
            -0.31932663917541504,
            0.6975746750831604,
            4.73109245300293
         ],
         [
            1.2021145039398107e-06,
            0.9092594981193542,
            0.41623005270957947,
            1.4500000476837158
         ],
         [
            0.0,
            0.0,
            0.0,
            1.0
         ]
      ],
      [
         [
            -0.7671487331390381,
            0.26699960231781006,
            -0.5832616090774536,
            -0.7142857313156128
         ],
         [
            -0.6414692401885986,
            -0.31930965185165405,
            0.6975375413894653,
            4.714285850524902
         ],
         [
            1.2021145039398107e-06,
            0.9092594981193542,
            0.41623005270957947,
            1.4500000476837158
         ],
         [
            0.0,
            0.0,
            0.0,
            1.0
         ]
      ],
      [
         [
            -0.7671079039573669,
            0.26701992750167847,
            -0.5833060145378113,
            -0.6974790096282959
         ],
         [
            -0.6415180563926697,
            -0.31929266452789307,
            0.6975004076957703,
            4.697478771209717
         ],
         [
            1.2021145039398107e-06,
            0.9092594981193542,
            0.41623005270957947,
            1.4500000476837158
         ],
         [
            0.0,
            0.0,
            0.0,
            1.0
         ]
      ],
      [
         [
            -0.7670668959617615,
            0.26704034209251404,
            -0.5833505392074585,
            -0.680672287940979
         ],
         [
            -0.6415671110153198,
            -0.3192755877971649,
            0.6974631547927856,
            4.6806721687316895
         ],
         [
            1.2021145039398107e-06,
            0.9092594981193542,
            0.41623005270957947,
            1.4500000476837158
         ],
         [
            0.0,
            0.0,
            0.0,
            1.0
         ]
      ],
      [
         [
            -0.7670260667800903,
            0.26706066727638245,
            -0.5833949446678162,
            -0.6638655662536621
         ],
         [
            -0.6416159272193909,
            -0.31925860047340393,
            0.6974260210990906,
            4.663865566253662
         ],
         [
            1.2021145039398107e-06,
            0.9092594981193542,
            0.41623005270957947,
            1.4500000476837158
         ],
         [
            0.0,
            0.0,
            0.0,
            1.0
         ]
      ],
      [
         [
            -0.7669852375984192,
            0.26708099246025085,
            -0.5834393501281738,
            -0.6470588445663452
         ],
         [
            -0.6416647434234619,
            -0.31924158334732056,
            0.6973888874053955,
            4.647058963775635
         ],
         [
            1.2021145039398107e-06,
            0.9092594981193542,
            0.41623005270957947,
            1.4500000476837158
         ],
         [
            0.0,
            0.0,
            0.0,
            1.0
         ]
      ],
      [
         [
            -0.766944408416748,
            0.26710131764411926,
            -0.5834837555885315,
            -0.6302521228790283
         ],
         [
            -0.641713559627533,
            -0.31922459602355957,
            0.6973517537117004,
            4.630251884460449
         ],
         [
            1.2021145039398107e-06,
            0.9092594981193542,
            0.41623005270957947,
            1.4500000476837158
         ],
         [
            0.0,
            0.0,
            0.0,
            1.0
         ]
      ],
      [
         [
            -0.7669035196304321,
            0.26712164282798767,
            -0.5835281610488892,
            -0.6134454011917114
         ],
         [
            -0.641762375831604,
            -0.3192075788974762,
            0.6973146200180054,
            4.613445281982422
         ],
         [
            1.2021145039398107e-06,
            0.9092594981193542,
            0.41623005270957947,
            1.4500000476837158
         ],
         [
            0.0,
            0.0,
            0.0,
            1.0
         ]
      ],
      [
         [
            -0.766862690448761,
            0.2671419382095337,
            -0.583572506904602,
            -0.5966386795043945
         ],
         [
            -0.641811192035675,
            -0.3191905915737152,
            0.6972774267196655,
            4.5966386795043945
         ],
         [
            1.2021145039398107e-06,
            0.9092594981193542,
            0.41623005270957947,
            1.4500000476837158
         ],
         [
            0.0,
            0.0,
            0.0,
            1.0
         ]
      ],
      [
         [
            -0.7668218016624451,
            0.2671622633934021,
            -0.5836169123649597,
            -0.5798319578170776
         ],
         [
            -0.6418600082397461,
            -0.31917357444763184,
            0.6972402930259705,
            4.579832077026367
         ],
         [
            1.2021145039398107e-06,
            0.9092594981193542,
            0.41623005270957947,
            1.4500000476837158
         ],
         [
            0.0,
            0.0,
            0.0,
            1.0
         ]
      ],
      [
         [
            -0.7667807936668396,
            0.2671826481819153,
            -0.5836614370346069,
            -0.5630252361297607
         ],
         [
            -0.6419090032577515,
            -0.3191564977169037,
            0.6972030401229858,
            4.563024997711182
         ],
         [
            1.2021145039398107e-06,
            0.9092594981193542,
            0.41623005270957947,
            1.4500000476837158
         ],
         [
            0.0,
            0.0,
            0.0,
            1.0
         ]
      ],
      [
         [
            -0.7667399644851685,
            0.2672029733657837,
            -0.5837058424949646,
            -0.5462185144424438
         ],
         [
            -0.6419578194618225,
            -0.3191395103931427,
            0.697165846824646,
            4.546218395233154
         ],
         [
            1.2021145039398107e-06,
            0.9092594981193542,
            0.41623005270957947,
            1.4500000476837158
         ],
         [
            0.0,
            0.0,
            0.0,
            1.0
         ]
      ],
      [
         [
            -0.7666990756988525,
            0.2672232985496521,
            -0.5837502479553223,
            -0.529411792755127
         ],
         [
            -0.6420066356658936,
            -0.3191224932670593,
            0.6971287131309509,
            4.529411792755127
         ],
         [
            1.2021145039398107e-06,
            0.9092594981193542,
            0.41623005270957947,
            1.4500000476837158
         ],
         [
            0.0,
            0.0,
            0.0,
            1.0
         ]
      ],
      [
         [
            -0.7666581869125366,
            0.2672435939311981,
            -0.5837945938110352,
            -0.5126050710678101
         ],
         [
            -0.6420554518699646,
            -0.31910547614097595,
            0.6970915198326111,
            4.5126051902771
         ],
         [
            1.2021145039398107e-06,
            0.9092594981193542,
            0.41623005270957947,
            1.4500000476837158
         ],
         [
            0.0,
            0.0,
            0.0,
            1.0
         ]
      ],
      [
         [
            -0.7666173577308655,
            0.26726391911506653,
            -0.5838389992713928,
            -0.4957982897758484
         ],
         [
            -0.6421042680740356,
            -0.3190884590148926,
            0.697054386138916,
            4.495798110961914
         ],
         [
            1.2021145039398107e-06,
            0.9092594981193542,
            0.41623005270957947,
            1.4500000476837158
         ],
         [
            0.0,
            0.0,
            0.0,
            1.0
         ]
      ],
      [
         [
            -0.7665764689445496,
            0.26728424429893494,
            -0.5838833451271057,
            -0.4789915680885315
         ],
         [
            -0.6421530246734619,
            -0.3190714418888092,
            0.6970171928405762,
            4.478991508483887
         ],
         [
            1.2021145039398107e-06,
            0.9092594981193542,
            0.41623005270957947,
            1.4500000476837158
         ],
         [
            0.0,
            0.0,
            0.0,
            1.0
         ]
      ],
      [
         [
            -0.7665355801582336,
            0.26730453968048096,
            -0.5839276909828186,
            -0.4621848464012146
         ],
         [
            -0.642201840877533,
            -0.31905442476272583,
            0.6969800591468811,
            4.462184906005859
         ],
         [
            1.2021145039398107e-06,
            0.9092594981193542,
            0.41623005270957947,
            1.4500000476837158
         ],
         [
            0.0,
            0.0,
            0.0,
            1.0
         ]
      ],
      [
         [
            -0.7664946913719177,
            0.26732486486434937,
            -0.5839720964431763,
            -0.4453781247138977
         ],
         [
            -0.642250657081604,
            -0.31903740763664246,
            0.6969428658485413,
            4.445378303527832
         ],
         [
            1.2021145039398107e-06,
            0.9092594981193542,
            0.41623005270957947,
            1.4500000476837158
         ],
         [
            0.0,
            0.0,
            0.0,
            1.0
         ]
      ],
      [
         [
            -0.7664536833763123,
            0.26734524965286255,
            -0.5840166211128235,
            -0.4285714030265808
         ],
         [
            -0.6422995924949646,
            -0.3190203309059143,
            0.6969055533409119,
            4.4285712242126465
         ],
         [
            1.2021145039398107e-06,
            0.9092594981193542,
            0.41623005270957947,
            1.4500000476837158
         ],
         [
            0.0,
            0.0,
            0.0,
            1.0
         ]
      ],
      [
         [
            -0.7664127945899963,
            0.26736554503440857,
            -0.5840609669685364,
            -0.4117646813392639
         ],
         [
            -0.6423484086990356,
            -0.31900331377983093,
            0.696868360042572,
            4.411764621734619
         ],
         [
            1.2021145039398107e-06,
            0.9092594981193542,
            0.41623005270957947,
            1.4500000476837158
         ],
         [
            0.0,
            0.0,
            0.0,
            1.0
         ]
      ],
      [
         [
            -0.7663719058036804,
            0.2673858404159546,
            -0.5841053128242493,
            -0.394957959651947
         ],
         [
            -0.6423971652984619,
            -0.31898629665374756,
            0.6968311667442322,
            4.394958019256592
         ],
         [
            1.2021145039398107e-06,
            0.9092594981193542,
            0.41623005270957947,
            1.4500000476837158
         ],
         [
            0.0,
            0.0,
            0.0,
            1.0
         ]
      ],
      [
         [
            -0.7663309574127197,
            0.267406165599823,
            -0.5841496586799622,
            -0.3781512379646301
         ],
         [
            -0.642445981502533,
            -0.3189692795276642,
            0.6967939734458923,
            4.3781514167785645
         ],
         [
            1.2021145039398107e-06,
            0.9092594981193542,
            0.41623005270957947,
            1.4500000476837158
         ],
         [
            0.0,
            0.0,
            0.0,
            1.0
         ]
      ],
      [
         [
            -0.7662900686264038,
            0.267426460981369,
            -0.5841940641403198,
            -0.36134451627731323
         ],
         [
            -0.6424947381019592,
            -0.3189522624015808,
            0.6967568397521973,
            4.361344337463379
         ],
         [
            1.2021145039398107e-06,
            0.9092594981193542,
            0.41623005270957947,
            1.4500000476837158
         ],
         [
            0.0,
            0.0,
            0.0,
            1.0
         ]
      ],
      [
         [
            -0.7662491798400879,
            0.26744675636291504,
            -0.5842384099960327,
            -0.34453779458999634
         ],
         [
            -0.6425435543060303,
            -0.31893521547317505,
            0.6967196464538574,
            4.344537734985352
         ],
         [
            1.2021145039398107e-06,
            0.9092594981193542,
            0.41623005270957947,
            1.4500000476837158
         ],
         [
            0.0,
            0.0,
            0.0,
            1.0
         ]
      ],
      [
         [
            -0.766208291053772,
            0.26746705174446106,
            -0.5842827558517456,
            -0.32773107290267944
         ],
         [
            -0.6425923109054565,
            -0.3189181983470917,
            0.6966824531555176,
            4.327731132507324
         ],
         [
            1.2021145039398107e-06,
            0.9092594981193542,
            0.41623005270957947,
            1.4500000476837158
         ],
         [
            0.0,
            0.0,
            0.0,
            1.0
         ]
      ],
      [
         [
            -0.7661672234535217,
            0.26748743653297424,
            -0.5843272805213928,
            -0.31092435121536255
         ],
         [
            -0.6426412463188171,
            -0.3189011216163635,
            0.6966450810432434,
            4.310924530029297
         ],
         [
            1.2021145039398107e-06,
            0.9092594981193542,
            0.41623005270957947,
            1.4500000476837158
         ],
         [
            0.0,
            0.0,
            0.0,
            1.0
         ]
      ],
      [
         [
            -0.7661263346672058,
            0.26750773191452026,
            -0.5843716263771057,
            -0.29411762952804565
         ],
         [
            -0.6426900625228882,
            -0.31888407468795776,
            0.6966078877449036,
            4.294117450714111
         ],
         [
            1.2021145039398107e-06,
            0.9092594981193542,
            0.41623005270957947,
            1.4500000476837158
         ],
         [
            0.0,
            0.0,
            0.0,
            1.0
         ]
      ],
      [
         [
            -0.7660853862762451,
            0.2675280272960663,
            -0.5844159722328186,
            -0.27731090784072876
         ],
         [
            -0.6427388191223145,
            -0.3188670575618744,
            0.6965706944465637,
            4.277310848236084
         ],
         [
            1.2021145039398107e-06,
            0.9092594981193542,
            0.41623005270957947,
            1.4500000476837158
         ],
         [
            0.0,
            0.0,
            0.0,
            1.0
         ]
      ],
      [
         [
            -0.7660444974899292,
            0.2675483524799347,
            -0.5844603180885315,
            -0.26050418615341187
         ],
         [
            -0.6427875757217407,
            -0.31885001063346863,
            0.6965335011482239,
            4.260504245758057
         ],
         [
            1.2021145039398107e-06,
            0.9092594981193542,
            0.41623005270957947,
            1.4500000476837158
         ],
         [
            0.0,
            0.0,
            0.0,
            1.0
         ]
      ],
      [
         [
            -0.7665484547615051,
            0.26729816198349,
            -0.5839137434959412,
            -0.24369746446609497
         ],
         [
            -0.6421864628791809,
            -0.3190597891807556,
            0.6969917416572571,
            4.243697643280029
         ],
         [
            1.2021145039398107e-06,
            0.9092594981193542,
            0.41623005270957947,
            1.4500000476837158
         ],
         [
            0.0,
            0.0,
            0.0,
            1.0
         ]
      ],
      [
         [
            -0.7680388689041138,
            0.26655590534210205,
            -0.5822923183441162,
            -0.22689074277877808
         ],
         [
            -0.6404032111167908,
            -0.3196801543235779,
            0.6983469128608704,
            4.226890563964844
         ],
         [
            1.2021145039398107e-06,
            0.9092594981193542,
            0.41623005270957947,
            1.4500000476837158
         ],
         [
            0.0,
            0.0,
            0.0,
            1.0
         ]
      ],
      [
         [
            -0.7704812288284302,
            0.2653319537639618,
            -0.5796185731887817,
            -0.21008402109146118
         ],
         [
            -0.6374626755714417,
            -0.32069674134254456,
            0.7005676627159119,
            4.210083961486816
         ],
         [
            1.2021145039398107e-06,
            0.9092594981193542,
            0.41623005270957947,
            1.4500000476837158
         ],
         [
            0.0,
            0.0,
            0.0,
            1.0
         ]
      ],
      [
         [
            -0.7738352417945862,
            0.263635516166687,
            -0.5759126543998718,
            -0.1932772994041443
         ],
         [
            -0.6333869099617004,
            -0.32209277153015137,
            0.7036173343658447,
            4.193277359008789
         ],
         [
            1.2021145039398107e-06,
            0.9092594981193542,
            0.41623005270957947,
            1.4500000476837158
         ],
         [
            0.0,
            0.0,
            0.0,
            1.0
         ]
      ],
      [
         [
            -0.7780564427375793,
            0.26147422194480896,
            -0.5711912512779236,
            -0.1764705777168274
         ],
         [
            -0.6281943321228027,
            -0.32384979724884033,
            0.7074555158615112,
            4.176470756530762
         ],
         [
            1.2021145039398107e-06,
            0.9092594981193542,
            0.41623005270957947,
            1.4500000476837158
         ],
         [
            0.0,
            0.0,
            0.0,
            1.0
         ]
      ],
      [
         [
            -0.783096432685852,
            0.2588544487953186,
            -0.5654683113098145,
            -0.1596638560295105
         ],
         [
            -0.6219002604484558,
            -0.3259475827217102,
            0.7120381593704224,
            4.159663677215576
         ],
         [
            1.2021145039398107e-06,
            0.9092594981193542,
            0.41623005270957947,
            1.4500000476837158
         ],
         [
            0.0,
            0.0,
            0.0,
            1.0
         ]
      ],
      [
         [
            -0.788902997970581,
            0.2557815909385681,
            -0.55875563621521,
            -0.1428571343421936
         ],
         [
            -0.6145176887512207,
            -0.32836446166038513,
            0.7173178195953369,
            4.142857074737549
         ],
         [
            1.2021145039398107e-06,
            0.9092594981193542,
            0.41623005270957947,
            1.4500000476837158
         ],
         [
            0.0,
            0.0,
            0.0,
            1.0
         ]
      ],
      [
         [
            -0.79542076587677,
            0.2522602379322052,
            -0.5510631799697876,
            -0.1260504126548767
         ],
         [
            -0.6060575842857361,
            -0.33107736706733704,
            0.7232441306114197,
            4.1260504722595215
         ],
         [
            1.2021145039398107e-06,
            0.9092594981193542,
            0.41623005270957947,
            1.4500000476837158
         ],
         [
            0.0,
            0.0,
            0.0,
            1.0
         ]
      ],
      [
         [
            -0.8025910258293152,
            0.24829447269439697,
            -0.5423998832702637,
            -0.10924369096755981
         ],
         [
            -0.5965297222137451,
            -0.3340618312358856,
            0.7297637462615967,
            4.109243869781494
         ],
         [
            1.2021145039398107e-06,
            0.9092594981193542,
            0.41623005270957947,
            1.4500000476837158
         ],
         [
            0.0,
            0.0,
            0.0,
            1.0
         ]
      ],
      [
         [
            -0.8103523254394531,
            0.24388794600963593,
            -0.5327737331390381,
            -0.09243696928024292
         ],
         [
            -0.5859429240226746,
            -0.337292343378067,
            0.7368208169937134,
            4.092436790466309
         ],
         [
            1.2021145039398107e-06,
            0.9092594981193542,
            0.41623005270957947,
            1.4500000476837158
         ],
         [
            0.0,
            0.0,
            0.0,
            1.0
         ]
      ],
      [
         [
            -0.8186411261558533,
            0.23904408514499664,
            -0.5221922397613525,
            -0.07563024759292603
         ],
         [
            -0.5743054151535034,
            -0.34074240922927856,
            0.7443574666976929,
            4.075630187988281
         ],
         [
            1.2021145039398107e-06,
            0.9092594981193542,
            0.41623005270957947,
            1.4500000476837158
         ],
         [
            0.0,
            0.0,
            0.0,
            1.0
         ]
      ],
      [
         [
            -0.8273911476135254,
            0.2337665557861328,
            -0.5106633901596069,
            -0.05882352590560913
         ],
         [
            -0.5616260766983032,
            -0.34438443183898926,
            0.7523135542869568,
            4.058823585510254
         ],
         [
            1.2021145039398107e-06,
            0.9092594981193542,
            0.41623005270957947,
            1.4500000476837158
         ],
         [
            0.0,
            0.0,
            0.0,
            1.0
         ]
      ],
      [
         [
            -0.8365350365638733,
            0.22805896401405334,
            -0.498195081949234,
            -0.042016804218292236
         ],
         [
            -0.5479134321212769,
            -0.34819039702415466,
            0.7606276869773865,
            4.042016983032227
         ],
         [
            1.2021145039398107e-06,
            0.9092594981193542,
            0.41623005270957947,
            1.4500000476837158
         ],
         [
            0.0,
            0.0,
            0.0,
            1.0
         ]
      ],
      [
         [
            -0.846003532409668,
            0.22192534804344177,
            -0.48479607701301575,
            -0.025210082530975342
         ],
         [
            -0.5331773161888123,
            -0.3521314859390259,
            0.7692370414733887,
            4.025209903717041
         ],
         [
            1.2021145039398107e-06,
            0.9092594981193542,
            0.41623005270957947,
            1.4500000476837158
         ],
         [
            0.0,
            0.0,
            0.0,
            1.0
         ]
      ],
      [
         [
            -0.8557257056236267,
            0.21537072956562042,
            -0.470477432012558,
            -0.008403360843658447
         ],
         [
            -0.5174297094345093,
            -0.3561781942844391,
            0.7780770063400269,
            4.008403301239014
         ],
         [
            1.2021145039398107e-06,
            0.9092594981193542,
            0.41623005270957947,
            1.4500000476837158
         ],
         [
            0.0,
            0.0,
            0.0,
            1.0
         ]
      ],
      [
         [
            -0.8656306862831116,
            0.20840029418468475,
            -0.4552503824234009,
            0.008403420448303223
         ],
         [
            -0.500683069229126,
            -0.3603009581565857,
            0.7870831489562988,
            3.9915966987609863
         ],
         [
            1.2021145039398107e-06,
            0.9092594981193542,
            0.41623005270957947,
            1.4500000476837158
         ],
         [
            0.0,
            0.0,
            0.0,
            1.0
         ]
      ],
      [
         [
            -0.8756464123725891,
            0.20102040469646454,
            -0.43912890553474426,
            0.025210142135620117
         ],
         [
            -0.48295271396636963,
            -0.36446982622146606,
            0.796190083026886,
            3.97478985786438
         ],
         [
            1.2021145039398107e-06,
            0.9092594981193542,
            0.41623005270957947,
            1.4500000476837158
         ],
         [
            0.0,
            0.0,
            0.0,
            1.0
         ]
      ],
      [
         [
            -0.885701060295105,
            0.1932382583618164,
            -0.42212870717048645,
            0.04201686382293701
         ],
         [
            -0.4642559587955475,
            -0.36865487694740295,
            0.805332362651825,
            3.9579830169677734
         ],
         [
            1.2021145039398107e-06,
            0.9092594981193542,
            0.41623005270957947,
            1.4500000476837158
         ],
         [
            0.0,
            0.0,
            0.0,
            1.0
         ]
      ],
      [
         [
            -0.8957228064537048,
            0.1850622296333313,
            -0.4042680859565735,
            0.058823585510253906
         ],
         [
            -0.44461292028427124,
            -0.3728262484073639,
            0.8144446611404419,
            3.941176414489746
         ],
         [
            1.2021145039398107e-06,
            0.9092594981193542,
            0.41623005270957947,
            1.4500000476837158
         ],
         [
            0.0,
            0.0,
            0.0,
            1.0
         ]
      ],
      [
         [
            -0.9056401252746582,
            0.17650213837623596,
            -0.38556841015815735,
            0.0756303071975708
         ],
         [
            -0.4240471124649048,
            -0.37695419788360596,
            0.8234620690345764,
            3.9243698120117188
         ],
         [
            1.2021145039398107e-06,
            0.9092594981193542,
            0.41623005270957947,
            1.4500000476837158
         ],
         [
            0.0,
            0.0,
            0.0,
            1.0
         ]
      ],
      [
         [
            -0.9153829216957092,
            0.167568638920784,
            -0.36605304479599,
            0.0924370288848877
         ],
         [
            -0.4025842249393463,
            -0.38100945949554443,
            0.8323208093643188,
            3.9075629711151123
         ],
         [
            1.2021145039398107e-06,
            0.9092594981193542,
            0.41623005270957947,
            1.4500000476837158
         ],
         [
            0.0,
            0.0,
            0.0,
            1.0
         ]
      ],
      [
         [
            -0.9248820543289185,
            0.15827418863773346,
            -0.3457491397857666,
            0.10924375057220459
         ],
         [
            -0.3802540898323059,
            -0.3849633038043976,
            0.8409579992294312,
            3.890756130218506
         ],
         [
            1.2021145039398107e-06,
            0.9092594981193542,
