1.0 2.218975889316899e-09 -4.847292535344094e-09 0.0 -2.218976051952712e-09 0.9999999999999994 -3.3551887607378734e-08 -1.1102230246251565e-16 4.8472924608932615e-09 3.355188761813476e-08 0.9999999999999994 -0.0
0.9999999979741591 2.6494213846021295e-05 -5.7876925326523486e-05 -0.002137966816099457 -2.6494214719513756e-05 0.9999999996490282 -1.432553846955547e-08 -0.009852940039813851 5.787692492666644e-05 1.5858942127440386e-08 0.9999999983251306 0.021523857721014394
0.9999999918973151 5.298620792423782e-05 -0.00011574900187971382 -0.004275628152048849 -5.298620976539796e-05 0.9999999985962307 -1.283993783942223e-08 -0.019706032476072832 0.00011574900103688932 1.897303862911822e-08 0.9999999933010841 0.04304804835474485
0.9999999817694685 7.947820175327998e-05 -0.00017362107585304078 -0.006413594968148306 -7.947820379169164e-05 0.9999999968416075 -4.841031609745481e-09 -0.029558972515886572 0.0001736210749199208 1.864012277067163e-08 0.9999999849278608 0.06457190607575924
0.9999999675264652 0.0001060750251571447 -0.00023172215531356118 -0.008551561784247763 -0.00010607502894772024 0.999999994374044 -4.068311172712483e-09 -0.03941191255570031 0.00023172215357835637 2.8648245373314172e-08 0.999999973152421 0.08609576379677275
0.9999999492684173 0.0001325829167929877 -0.00028962895717823386 -0.01068952860034722 -0.0001325829204314275 0.9999999912108845 6.637509692109385e-09 -0.049264852595514 0.00028962895551267197 3.17623436288211e-08 0.9999999580575326 0.10761962151778715
0.9999999269691033 0.00015907490272587847 -0.0003475010263523091 -0.012827189936296612 -0.00015907491127340368 0.9999999873475862 3.042226144731138e-09 -0.05911794503177298 0.0003475010224395242 5.2236469011855655e-08 0.9999999396215166 0.1291438121515176
0.9999999006017555 0.0001855827949078772 -0.00040540782622179626 -0.01496515675239607 -0.000185582802096652 0.9999999827795115 1.9886156701010847e-08 -0.06897088507158672 0.000405407822931004 5.5350565657791726e-08 0.9999999178222436 0.150667669872532
0.9999998702213171 0.00021205573538488724 -0.00046323829098769746 -0.017103123568495526 -0.0002120557477572969 0.9999999775161794 2.2407653061654042e-08 -0.07882382511140046 0.0004632382853240022 7.582469203159012e-08 0.9999998927051369 0.1721915275935455
0.9999998357475828 0.00023856361985450397 -0.0005211450919134985 -0.019241090384594983 -0.00023856363764414773 0.9999999715436946 2.8027456084156965e-08 -0.0886767651512142 0.000521145083769966 9.629881738669838e-08 0.999999864203887 0.1937153853145599
0.9999997972179823 0.000265071513552929 -0.0005790518863628417 -0.02137875172054482 -0.00026507152667877863 0.9999999648685407 5.4077261578752356e-08 -0.09852985758747318 0.0005790518803542456 9.941291693156894e-08 0.9999998323494409 0.21523957594829124
0.9999997545148736 0.0002916492840571367 -0.000637111362142131 -0.023516718536644277 -0.0002916493056389806 0.9999999574703387 5.9032030665201296e-08 -0.10838279762728692 0.00063711135226265 1.2678107020974187e-07 0.9999997970445338 0.23676343366930475
0.9999997078628476 0.0003181571789599058 -0.000695018150023257 -0.025654685352743734 -0.0003181571923964468 0.9999999493879951 9.122988011986634e-08 -0.11823573766710066 0.0006950181438724361 1.2989516980774294e-07 0.9999997584748522 0.25828729139031914
0.999999657192828 0.0003446460254190207 -0.0007528833533030947 -0.027792652168842746 -0.00034464604095111315 0.9999999406095454 1.0910901104802788e-07 -0.12808867770691462 0.0007528833461929971 1.5036929336923335e-07 0.999999716583282 0.27981114911133265
0.9999996024319845 0.0003711539082358372 -0.0008107901389238912 -0.029930313504792583 -0.0003711539247592728 0.9999999311223713 1.300845774580812e-07 -0.1379417701431736 0.0008107901313599882 1.708434164771043e-07 0.9999996713096129 0.301335339745064
0.9999995436589676 0.00039764275558185796 -0.0008686553376594927 -0.03206828032089204 -0.00039764277174775595 0.999999920940098 1.5409704168706712e-07 -0.14779471018298734 0.0008686553302592591 1.9131754479413948e-07 0.9999996227188691 0.3228591974660784
0.9999994807893094 0.0004241506178706067 -0.0009265621214780035 -0.0342062471369915 -0.00042415065131738624 0.9999999100480955 1.604032949429329e-07 -0.15764765022280108 0.0009265621061671328 2.3259871565108696e-07 0.9999995707412125 0.3443830551870919
0.9999994139132975 0.0004506394646763378 -0.0009844273129185962 -0.036344213953090954 -0.0004506394954513888 0.9999998984619993 1.9054909605007894e-07 -0.16750059026261482 0.0009844272988307574 2.5307284323041495e-07 0.9999995154512973 0.3659069129081063
0.9999993429872429 0.0004771283122360135 -0.0010422925003060384 -0.038481875289040346 -0.0004771283381820721 0.999999886174243 2.2376046547753577e-07 -0.1773536826988738 0.0010422924884287586 2.7354697010660146e-07 0.9999994568129993 0.38743110354183674
0.9999992676510162 0.0005037410209282557 -0.0011004282871259678 -0.0406198421051398 -0.0005037410508561711 0.9999998731224377 2.499689454685738e-07 -0.18720662273868754 0.0011004282734259209 3.0436213934462074e-07 0.9999993945285779 0.40895496126285114
0.9999991886059403 0.0005302298688200871 -0.0011582934632612468 -0.04275780892123926 -0.0005302298893858731 0.9999998594280805 2.8932578536514867e-07 -0.19705956277850128 0.0011582934538468845 3.248362642934656e-07 0.9999993291778596 0.43047881898386464
0.9999991055108247 0.0005567186919936447 -0.0012161586444485724 -0.04489577573733872 -0.0005567187255452221 0.99999984503207 3.1094113809172425e-07 -0.20691250281831502 0.0012161586290897284 3.66117430639972e-07 0.999999260478754 0.45200267670487904
0.9999990183656702 0.0005832075397985045 -0.001274023807246979 -0.04703343707328811 -0.0005832075590123471 0.9999998299343935 3.564291123386151e-07 -0.216765595254574 0.0012740237984514933 3.8659155229256533e-07 0.9999991884312764 0.4735268673386095
0.9999989271144457 0.0006097122820637971 -0.0013319237554830065 -0.049171403889387566 -0.0006097123111361818 0.9999998141253578 3.842180092553685e-07 -0.22661853529438775 0.0013319237421745942 4.2787271417931e-07 0.9999991129890876 0.4950507250596239
0.999998831866779 0.0006362011066439022 -0.001389788915329203 -0.05130937070548702 -0.0006362011394624046 0.999999797623947 4.184788845067369e-07 -0.2364714753342015 0.0013897889003059373 4.6570689587700867e-07 0.9999990342428314 0.5165745827806383
0.9999987325081657 0.0006627058487106057 -0.001447688854763364 -0.05344733752158648 -0.0006627058882206708 0.9999997804103263 4.5240444698342456e-07 -0.24632441537401523 0.001447688836676914 5.069880547986388e-07 0.9999989520978385 0.5380984405016518
0.9999986287408742 0.0006892995010756182 -0.0015057830417929002 -0.055584998857536316 -0.0006892995555776554 0.9999997624329166 4.82773000112136e-07 -0.2561775078102742 0.0015057830168436028 5.551632433989624e-07 0.9999988663079563 0.5596226311353831
0.999998521324636 0.000715788348705785 -0.0015636481642575311 -0.05772296567363577 -0.0007157883737497968 0.9999997438233215 5.436046036801441e-07 -0.26603044785008795 0.0015636481527931795 5.756373767453445e-07 0.9999987775013143 0.5811464888563966
0.999998409790125 0.0007422930905559705 -0.00162154808400208 -0.059860932489734786 -0.000742293115018778 0.9999997245002555 5.867463855382172e-07 -0.2758833878899017 0.0016215480728037854 6.169185259383144e-07 0.9999986852898692 0.602670346577411
0.9999982942007042 0.0007687978034065974 -0.0016794480103387048 -0.06199889930583424 -0.0007687978537585274 0.999999704474697 6.155973256286689e-07 -0.28573632792971543 0.0016794479872891941 6.755597503042411e-07 0.9999985897260064 0.6241942042984254
0.9999981746295017 0.0007952866143197008 -0.001737313116782002 -0.06413660640878138 -0.0007952866595060612 0.9999996837592936 6.648222669982196e-07 -0.2955894362597749 0.0017373130960971243 7.168408917103551e-07 0.9999984908702074 0.6457184296522183
0.999998051022918 0.0008217723360900637 -0.0017951714662551245 -0.0662745732248804 -0.0008217723729094763 0.9999996623447696 7.171016280959214e-07 -0.3054423762995887 0.0017951714494003693 7.581220851225747e-07 0.9999983886781482 0.6672422873732327
0.9999979232741223 0.0008482770448539415 -0.0018530713687949806 -0.06841254004097985 -0.0008482771019350574 0.9999996402126293 7.551563037682917e-07 -0.31529531633940244 0.0018530713426650627 8.167632748845822e-07 0.9999982830614921 0.688766145094247
0.9999977914704223 0.0008747817847145299 -0.0019109712470101348 -0.07055050685707931 -0.000874781827142111 0.9999996173779733 8.136402790656428e-07 -0.3251482563792162 0.0019109712275881385 8.580444369585433e-07 0.9999981740924485 0.710290002815261
0.9999976552481634 0.0009013564111974372 -0.0019690238178746125 -0.07268816819302915 -0.000901356448259348 0.9999995937778169 8.685747181081742e-07 -0.33500134881547516 0.0019690238009088495 9.06219633501513e-07 0.9999980614703461 0.7318141934489919
0.9999975153239645 0.0009278611155676471 -0.002026923690608187 -0.0748261350091286 -0.0009278611652431984 0.999999569536317 9.15845202104927e-07 -0.3448542888552889 0.002026923667868301 9.648608509004552e-07 0.9999979457876469 0.7533380511700059
0.9999973714496034 0.0009543468045978794 -0.0020847820174976633 -0.07696410182522762 -0.0009543468644274633 0.9999995446104608 9.661056535385647e-07 -0.35470722889510287 0.0020847819901095846 1.0235020673324903e-06 0.9999978268391417 0.7748619088910198
0.9999972233282748 0.0009808674813074731 -0.0021427166692651245 -0.07910206864132707 -0.0009808675111367632 0.9999995189488095 1.036940794204123e-06 -0.3645601689349166 0.0021427166556102248 1.0647832514933985e-06 0.9999977043794651 0.7963857666120338
0.9999970713503863 0.0010073531709346082 -0.0022005749792891782 -0.08123972997727691 -0.0010073532040415346 0.9999994926190348 1.093335080146777e-06 -0.3744132613711756 0.0022005749641338807 1.1234243779691697e-06 0.9999975787313513 0.8179099572457647
0.9999969152099668 0.0010338578232393432 -0.0022584748287282665 -0.08337769679337637 -0.0010338579031891444 0.9999994655681345 1.1320729178899805e-06 -0.3842662014109893 0.0022584747921297926 1.202872625151741e-06 0.9999974496418311 0.839433814966779
0.9999967551310016 0.0010603435098200736 -0.0023163331169603367 -0.08551566360947582 -0.0010603435873186946 0.9999994378348669 1.194599016217025e-06 -0.39411914145080307 0.002316333081483935 1.2615138267631048e-06 0.9999973172961336 0.860957672687793
0.9999965903451389 0.0010869340754124887 -0.0023744204371529284 -0.08765363042557528 -0.0010869341211619133 0.9999994092861257 1.271153877951031e-06 -0.4039720814906168 0.002374420416210298 1.3096890473706723e-06 0.9999971810590127 0.882481530408807
0.9999964220298173 0.0011134387185475806 -0.0024323202469436664 -0.08979129176152467 -0.0011134388037155503 0.999999380125953 1.3191071816973024e-06 -0.4138251739268758 0.0024323202079564814 1.3891372840389291e-06 0.999997041903863 0.9040057210425378
0.9999962496797496 0.0011399403484007309 -0.0024902133318046053 -0.09192925857762413 -0.001139940419193768 0.9999993502667419 1.3909215730631259e-06 -0.4236781139666895 0.0024902132993978067 1.4477784726774677e-06 0.9999968994130068 0.9255295787635518
0.9999960733830783 0.0011664260240659024 -0.0025480715758199723 -0.09406722539372359 -0.0011664260846979497 0.9999993197237939 1.4622762248938443e-06 -0.4335310540065032 0.002548071548064551 1.5098666686185498e-06 0.9999967536592838 0.9470534364845657
0.9999979639468978 0.0008399292320116635 -0.0018348353997642056 -0.09620519220982304 -0.0008399292613235439 0.9999996472590711 7.545915456538763e-07 -0.44338399404631695 0.0018348353863461596 7.865419327088196e-07 0.9999983166878265 0.9685772942055801
0.999999953142694 -0.00012741982858756375 0.0002783501342099353 -0.09834285354577244 0.00012741983368292083 0.999999991882093 -5.719029507801079e-10 -0.45323708648257593 -0.00027835013187744296 3.603923073063092e-08 0.9999999612606006 0.990101484839311
0.9999914770188784 -0.0017184749153641976 0.0037540289779530276 -0.10048082036187189 0.001718474992122199 0.999998523415624 3.205169372555029e-06 -0.4630900265223897 -0.0037540289428156584 3.2460628633573617e-06 0.9999929536032539 1.011625342560325
0.9999557539170074 -0.0039154435427404795 0.008553333276154526 -0.10261878717797135 0.003915443725026348 0.9999923344809901 1.672410633539714e-05 -0.4729429665622034 -0.008553333192709858 1.6766728744978047e-05 0.9999634194360167 1.033149200281339
0.9998704144525711 -0.006700583056218184 0.01463750283178503 -0.1047567539940708 0.0067005829149491165 0.9999775496392054 4.905272950582512e-05 -0.48279590660201716 -0.014637502896453514 4.903342841115886e-05 0.9998928648133655 1.054673058002353
0.9997081060851593 -0.010056091222716489 0.02196765023720769 -0.10689441533002064 0.010056090972879636 0.9999494301353985 0.00011048184039520826 -0.49264899903827614 -0.02196765035157505 0.000110459097827465 0.9997586759497608 1.0761972486360838
0.9994370905804297 -0.013963892751723425 0.030504289392544442 -0.1090323821461201 0.013963892416802764 0.9999024774037535 0.0002130502480308876 -0.5025019390780899 -0.030504289545860458 0.0002130282952890791 0.9995346131766762 1.0977211063570977
0.999021814595524 -0.018405717205029353 0.04020750597133417 -0.11117034896221911 0.018405715884726188 0.9998305319136299 0.0003702378674803854 -0.5123548791179037 -0.040207506575726935 0.0003701722251395767 0.999191282681893 1.1192449640781121
0.9984234966906815 -0.023362784636122787 0.051036276803846814 -0.11330831577831857 0.023362782086062156 0.9997268748854866 0.00059669497879219 -0.5222078191577174 -0.0510362779711834 0.0005965951262687513 0.9986966218051924 1.140768821799126
0.9976006775007886 -0.02881589152262159 0.06294865086500147 -0.1154459771142684 0.02881588718673965 0.9995843235894649 0.0009081188429585963 -0.5320609115939764 -0.06294865284983023 0.0009079812488966158 0.998016353911319 1.162293012432857
0.9965097385680867 -0.0347454645471538 0.07590186843791198 -0.11758394393036786 0.03474545722616207 0.9993953212303882 0.001321024206570739 -0.5419138516337901 -0.07590187178922903 0.0013208316364633297 0.9971144173376892 1.183816870153871
0.9951055305534178 -0.04113098945350529 0.089851125583248 -0.11972191074646732 0.04113098156814139 0.9991520458726662 0.001852453429027629 -0.5517667916736039 -0.08985112919291653 0.0018522783379232943 0.9959534846807439 1.2053407278748849
0.9933417368289058 -0.04795178562250279 0.1047512297271322 -0.12185987756256678 0.04795177367035676 0.998846473171765 0.0025200067844006013 -0.5616197317134176 -0.10475123519844418 0.0025197793435298714 0.9944952636571277 1.2268645855958988
0.991171517498732 -0.05518623938991901 0.12055497451892876 -0.12399753889851617 0.05518622320613908 0.9984704883039291 0.0033413701314674122 -0.5714728241496766 -0.12055498192734801 0.003341102828680518 0.9927010291947848 1.2483887762296297
0.9885481177794933 -0.06281161294003358 0.13721268204685977 -0.12613550571461563 0.06281158970301115 0.9980159910512963 0.004334259438391311 -0.5813257641894903 -0.13721269268402914 0.004333922676987347 0.9905321267281683 1.2699126339506437
0.9854250301304934 -0.07080502084508464 0.15467436444169738 -0.12827351829771239 0.07080498980866104 0.9974749241581542 0.005516257234726458 -0.5911787201231048 -0.15467437864918449 0.005515858846217635 0.9879501059722992 1.291436526391721
0.9817568167021572 -0.07914235583597086 0.17288736325012186 -0.1304113323737366 0.07914231777892457 0.996839415702975 0.006904551942825506 -0.6010317363611412 -0.1728873806714265 0.006904115706158446 0.9849174009991342 1.3129605505690933
0.9774993479923424 -0.08779892662627926 0.19179774023126198 -0.13254914644976123 0.08779888234203681 0.9961018203942789 0.008515847972628554 -0.6108847525991775 -0.19179776050317843 0.008515391387186787 0.9813975275980108 1.3344845747464658
0.9726103752892172 -0.09674915602211229 0.21134961246422204 -0.1346871132658607 0.09674910276141145 0.9952548186122394 0.010366153769853954 -0.6207376926389913 -0.21134963684527525 0.010365656666482119 0.9773555566769152 1.3560084324674797
0.9670500750998307 -0.10596646659842661 0.23148490276053935 -0.13682508008196015 0.10596639457087219 0.9942915106467864 0.012470568446607513 -0.630590632678805 -0.23148493573246195 0.01246995639029392 0.972758564452949 1.3775322901884937
0.9607810817276337 -0.11542393761087798 0.25214485444021717 -0.13896289415798435 0.1154238566667199 0.9932054240246602 0.014843146572593854 -0.6404436489168414 -0.2521448914938763 0.014842517117900043 0.9675756577028725 1.399056314365866
0.9537693651197409 -0.1250936106525374 0.27326834198823274 -0.141100708234009 0.12509351166486324 0.9919906620899789 0.017496847305667775 -0.6502966651548777 -0.27326838730163994 0.01749613957981903 0.9617787030296336 1.4205803385432385
0.9459840217385954 -0.1349473383957623 0.2947939050848444 -0.14323867505010845 0.13494722274397983 0.9906418715005275 0.020443324182209253 -0.6601496051946915 -0.29479395802655 0.02044256074545995 0.955342150237918 1.4421041962642525
0.9373983794814462 -0.14495588073820015 0.316657655497181 -0.1453766418662079 0.14495574489642096 0.9891544310699152 0.02369268908917537 -0.6700025452345052 -0.31665771768122497 0.023691857971997392 0.9482439484113528 1.4636280539852669
0.9279893680487804 -0.155090158938359 0.33879606755229574 -0.14751445594223256 0.15508999828879141 0.9875243438147597 0.02725367505513484 -0.6798555614725416 -0.3387961410925571 0.027252760845513417 0.9404650242338038 1.4851520781626393
0.917738744297902 -0.16532022990395848 0.36114376472398396 -0.14965227001825676 0.1653200528705863 0.985748450236095 0.0311331491501192 -0.6897085777105779 -0.36114384576422803 0.031132209070981912 0.9319902940615766 1.5066761023400117
0.9066327144514714 -0.17561618081743224 0.3836353452452677 -0.15179023683435622 0.17561597428831704 0.983824358796762 0.035336392188584476 -0.6995615177503917 -0.3836354397877261 0.03533536575782445 0.9228083556544332 1.5281999600610257
0.8946622810332895 -0.18594799960823571 0.4062052982643223 -0.15392820365045567 0.1859477697143685 0.981750512396623 0.039866757420443696 -0.7094144577902054 -0.40620540350241974 0.03986568512723558 0.9129117686363631 1.5497238177820396
0.8818233736359538 -0.19628580282225927 0.4287883176110635 -0.15606601772648032 0.19628554607276766 0.9795262049917074 0.044725810640602125 -0.7192674740282418 -0.4287884351428109 0.04472468384421234 0.902297168643909 1.571247841959412
0.8681170931381073 -0.20659984239342355 0.4513194187318502 -0.15820383180250497 0.2065995554682853 0.9771516272960299 0.04991313407338303 -0.7291204902662781 -0.45131955007704855 0.04991194642300729 0.8909654658416999 1.5927718661367845
0.8535500035634216 -0.21686053757936505 0.47373399567444147 -0.16034179861860443 0.21686022228581742 0.9746279170810164 0.055426232385624795 -0.7389734303060919 -0.4737341400057935 0.05542499875605075 0.8789220864819947 1.6142957238577988
0.8381333114246592 -0.2270392585726049 0.49596948227399734 -0.16247976543470344 0.2270389076424502 0.9719570147941096 0.061260883188590104 -0.7488263703459056 -0.495969642918655 0.06125958259182768 0.8661762966300895 1.6358195815788128
0.821884197888233 -0.2371075322104536 0.5179636892975072 -0.16461757951072808 0.2371071424541525 0.9691418974474572 0.06741057490608351 -0.758679386583942 -0.5179638677155407 0.06740920397847133 0.85274230044026 1.6573436057561852
0.8048244227540192 -0.24703811239813472 0.5396571314838954 -0.16675539358675273 0.24703769357611283 0.966186336607939 0.07386704884266758 -0.7685324028219783 -0.5396573232072871 0.07386564813833968 0.8386380861455368 1.6788676299335576
0.7869809483203003 -0.25680469236079134 0.5609922788794512 -0.1688933604028522 0.25680423061170454 0.9630950002562796 0.08062014401678502 -0.7783853428617921 -0.5609924902534892 0.0806186731646956 0.8238859480634153 1.7003914876545716
0.7683864826863124 -0.26638166342267355 0.5819132432047983 -0.17103132721895165 0.2663811654241824 0.959873557819205 0.08765744524428931 -0.7882382829016058 -0.5819134711726578 0.08765593186813235 0.8085129248664598 1.7219153453755855
0.7490773859013261 -0.27574536382789144 0.6023682961931676 -0.17316914129497585 0.27574482158218644 0.9565283064291844 0.09496521663390517 -0.798091299139642 -0.6023685444159945 0.09496364213287178 0.792549079471433 1.743439369552958
0.729095544280125 -0.2848730794222007 0.6223078144546964 -0.1753069553710005 0.28487248344393784 0.9530665023858449 0.10252760704559322 -0.8079443153776784 -0.6223080872745842 0.10252595110763306 0.7760290418934872 1.7649633937303304
0.7084867769004966 -0.29374385719536084 0.6416860862736058 -0.17744492218709995 0.2937432209016751 0.9494960874733699 0.11032724072989614 -0.8177972554174924 -0.6416863775486088 0.11032554660074985 0.7589906894262868 1.7864872514513448
0.6873011967175716 -0.30233838037770616 0.6604608760109711 -0.1795828890031994 0.3023377028864968 0.9458257413693948 0.11834517470666468 -0.8276501954573061 -0.6604611861448865 0.11834344389791968 0.7414754553472891 1.8080111091723587
0.6655931063845107 -0.3106389863954194 0.6785935726667647 -0.18172070307922406 0.310638256703745 0.9420648699678409 0.12656087169632313 -0.8375032116953425 -0.6785939066963949 0.12655908068448268 0.723528236415707 1.8295351333497312
0.6434196389016564 -0.31863014758112457 0.6960502836204384 -0.18385851715524826 0.31862936525161084 0.938223373220311 0.13495269372063878 -0.8473562279333788 -0.6960506417459994 0.13495084659064474 0.7051962656803074 1.8510591575271036
0.6208414444447706 -0.326298172162551 0.7128010968728296 -0.18599648397134771 0.32629733600631183 0.9343117584471956 0.1434976882827499 -0.8572091679731926 -0.712801479638556 0.14349578694403342 0.6865296859964598 1.8725830152481175
0.5979222267164541 -0.33363131793313106 0.7288203856181845 -0.18813445078744717 0.33363043598332376 0.9303410640393809 0.15217173439127882 -0.8670621080130063 -0.7288207893467464 0.15216980073679082 0.6675811626759033 1.8941068729691315
0.5747277218757364 -0.3406200669174881 0.74408737102618 -0.19027226486347182 0.34061915231231144 0.9263226798871693 0.1609499481351117 -0.8769151242510427 -0.7440877897033176 0.1609480125375231 0.6484050419873775 1.915630897146504
0.5513261587354698 -0.34725694973000554 0.7585855769510808 -0.19241007893949647 0.3472559554371733 0.9222684132649978 0.16980658204875135 -0.886768140489079 -0.7585860321067134 0.16980454869606945 0.6290577454691395 1.9371549213238763
0.5277871187357999 -0.35353658317013253 0.772303464744883 -0.19454804575559592 0.3535355458797453 0.9181903372609173 0.1787151990184203 -0.8966210805288928 -0.7723039395834215 0.1787131470291737 0.6095967814735047 1.9586787790448907
0.5041816815640088 -0.3594557635168149 0.7852339689862073 -0.19668601257169493 0.35945469469468067 0.9141007610209517 0.1876489306201098 -0.9064740205687065 -0.7852344582589599 0.18764688320209452 0.5900809205416637 1.9802026367659047
0.48058223305962305 -0.3650133357008788 0.7973744302571684 -0.19882382664771958 0.3650121953623182 0.910012212744924 0.1965804412749854 -0.9163270368067429 -0.7973749522678819 0.1965783238701681 0.5705700203131849 2.001726660943277
0.45706064985197586 -0.37021035917364375 0.8087273040508841 -0.20096164072374423 0.3702091608168782 0.9059371575157747 0.20548246611207788 -0.9261800530447792 -0.8087278526204921 0.20548030706800122 0.5511234923346015 2.0232506851206495
0.43369084531362506 -0.3750495567249095 0.819298529653021 -0.20309960753984369 0.3750483106436448 0.9018884000558621 0.21432703639071168 -0.936032993084593 -0.8192991000693834 0.21432485587333583 0.5318024452561048 2.0447745428416635
0.4105445790574747 -0.37953598665833926 0.8290992603047006 -0.20523757435594314 0.379534742326167 0.8978783832569679 0.22308695221205438 -0.9458859331244067 -0.8290998299203365 0.22308483523344738 0.5126661957989181 2.0662984005626774
0.3876948430564783 -0.38367638439323803 0.8381438663656408 -0.20737538843196734 0.3836750614592988 0.8939197179402544 0.23173473000786807 -0.9557389493624431 -0.8381444719626897 0.23173253965843574 0.49377512511449534 2.08782242474005
0.36521370518329793 -0.3874790283414118 0.8464507972362495 -0.209513202507992 0.38747768471426597 0.8900249270800973 0.2402429458372072 -0.9655919656004794 -0.8464514123059628 0.24024077874428976 0.4751887781014807 2.1093464489174223
0.3431710024631446 -0.39095429002339627 0.854042391325362 -0.21165116932409145 0.39095286322377776 0.8862060759234308 0.24858529669617332 -0.9754449056402932 -0.8540430444688198 0.2485830527383083 0.4569649265378394 2.1308703066384367
0.32163733644707165 -0.39411349916070754 0.8609436529660558 -0.2137891361401909 0.39411202307548454 0.8824754233297589 0.25673496155824144 -0.9852978456801069 -0.8609443286708973 0.256732695616016 0.43916191311537034 2.1523941643594506
0.3006805814106079 -0.39696967077451983 0.8671829498137912 -0.21592695021621555 0.3969681552143293 0.8788447216498885 0.26466627849777596 -0.9951508619181435 -0.8671836435890099 0.26466400532240786 0.42183585975873317 2.173918188536823
0.2803674584224065 -0.399536979466836 0.8727910920124456 -0.21806476429223975 0.39953537586528365 0.8753255120508849 0.27235405520212613 -1.0050038781561799 -0.8727918260902463 0.2723517027510079 0.4050419463693606 2.1954422127141955
0.2607633895111901 -0.40183033711497856 0.8778011362858322 -0.2202027311083392 0.40182877922552235 0.8719291857901428 0.2797733496126197 -1.0148568181959936 -0.8778018494379934 0.2797711120566264 0.38883420371906174 2.2169660704352094
0.24193149584445497 -0.40386598398181295 0.8822479347104568 -0.22234069792443867 0.403864369100512 0.8686666041002947 0.2869005093963882 -1.0247097582358073 -0.8822486739516868 0.28689823614526405 0.37326489174207966 2.2384899281562234
0.22393363795503884 -0.40566038367635204 0.8861678051632075 -0.22447851200046331 0.4056587427363246 0.8655485263914059 0.29371198971654194 -1.0345627744738437 -0.886168556333278 0.29370972332767675 0.3583851115615345 2.260013952333596
0.2068293183702807 -0.4072306681018379 0.8895981205127491 -0.22661632607648796 0.40722901243044596 0.8625852551970317 0.30018529103138186 -1.04441579071188 -0.8895988784263438 0.3001830449475826 0.34424406317115885 2.2815379765109682
0.19067598718101308 -0.40859432957563846 0.8925767987972691 -0.22875429289258697 0.4085925592440252 0.8597867055238863 0.30629877821303797 -1.0542687307516938 -0.8925776091987542 0.30629641663430635 0.3308892816547849 2.3030618342319826
0.17553096297932033 -0.40976843307330313 0.895141727489118 -0.23089225970868643 0.4097666786343159 0.8571628862872861 0.31203053609006015 -1.0641216707915075 -0.8951425306154064 0.31202823210135794 0.31836807668977635 2.3245856919529966
0.16144764165483177 -0.4107705182590616 0.8973306192999742 -0.23303007378471108 0.4107686821528957 0.8547229695050574 0.31736057594293265 -1.073974687029544 -0.8973314598109587 0.3173581994050865 0.30672467214734295 2.346109716130369
0.14847922986818474 -0.41161721291001613 0.8991802868913114 -0.23516788786073572 0.411615382734879 0.8524762379428964 0.3222685843186471 -1.0838277032675803 -0.8991811246872177 0.3222662467260826 0.29600299192290913 2.3676337403077414
0.13667686122810138 -0.4123248638447367 0.9007261749612108 -0.23730585467683518 0.4123230269170996 0.8504315151165114 0.3267353050567931 -1.093680643307394 -0.900727015848173 0.3267329869358988 0.28624534610922625 2.3891575980287554
0.12608975557417523 -0.41290898350431604 0.9020019650093215 -0.23944382149293464 0.4129070493787134 0.8485972994609225 0.33074218346167156 -1.103533583347208 -0.9020028503905126 0.33073976883504924 0.2774924561106639 2.4106814557497693
0.11676655339147278 -0.4133837406178516 0.9030390107862835 -0.24158163556895884 0.4133817710412442 0.8469820731110169 0.3342706675725053 -1.113386599585244 -0.9030399123958368 0.33426823184585885 0.2697844802777996 2.432205479927142
0.10875472720894261 -0.41376208456251834 0.9038657791332672 -0.2437194496449835 0.4137602089925691 0.845594086426011 0.33730272820685164 -1.1232396158232807 -0.9038666377094211 0.33730042748244365 0.2631606407805445 2.453729504104514
0.10210006271059316 -0.41405584434009446 0.9045072332282946 -0.24585741646108294 0.41405386021690765 0.844441147861491 0.3398213481196335 -1.1330925558630942 -0.9045081414967864 0.3398189305588773 0.25765891484645065 2.4752533618255286
0.0968476992843112 -0.41427433492544347 0.9049846952105969 -0.2479953832771824 0.41427240815740995 0.8435312154259503 0.34180909941293136 -1.1429454959029082 -0.904985577223635 0.34180676415790884 0.25331648385587485 2.4967772195465425
0.09304312431116993 -0.4144253364777112 0.9053146511041076 -0.25013319735320705 0.41442344007400944 0.8428720973771694 0.34324894723834976 -1.1527985121409445 -0.9053155192172727 0.3432466575923899 0.2501710269316024 2.518301243723915
0.09072784099691664 -0.41451439699013204 0.9055088478617673 -0.25227101142923125 0.4145123629513894 0.8424709302189826 0.34412531539603103 -1.162651528378981 -0.9055097789800471 0.34412286530230646 0.24825691077518222 2.5398252679012874
0.08994715685738718 -0.4145437983592182 0.9055732704840533 -0.2544089782453307 0.414541837261046 0.842335707085987 0.3444207045579384 -1.1725044684187944 -0.9055741682123608 0.34441834418314893 0.24761144976884428 2.5613491256223013
0.08994715685738718 -0.4145437983592182 0.9055732704840533 -0.23093431557995503 0.414541837261046 0.842335707085987 0.3444207045579384 -1.173386880668862 -0.9055741682123608 0.34441834418314893 0.24761144976884428 2.5632768334024583
0.08994715685738718 -0.4145437983592182 0.9055732704840533 -0.2074596071475825 0.414541837261046 0.842335707085987 0.3444207045579384 -1.1742692770251293 -0.9055741682123608 0.34441834418314893 0.24761144976884428 2.5652045064625524
0.08994715685738718 -0.4145437983592182 0.9055732704840533 -0.18398494448220637 0.414541837261046 0.842335707085987 0.3444207045579384 -1.175151689275197 -0.9055741682123608 0.34441834418314893 0.24761144976884428 2.5671322142427093
0.08994715685738718 -0.4145437983592182 0.9055732704840533 -0.1605102818168307 0.414541837261046 0.842335707085987 0.3444207045579384 -1.1760341015252647 -0.9055741682123608 0.34441834418314893 0.24761144976884428 2.5690599220228663
0.08994715685738718 -0.4145437983592182 0.9055732704840533 -0.137035619151455 0.414541837261046 0.842335707085987 0.3444207045579384 -1.1769165137753324 -0.9055741682123608 0.34441834418314893 0.24761144976884428 2.570987629803023
0.08994715685738718 -0.4145437983592182 0.9055732704840533 -0.11356091071908248 0.414541837261046 0.842335707085987 0.3444207045579384 -1.1777989101315995 -0.9055741682123608 0.34441834418314893 0.24761144976884428 2.5729153028631173
0.08994715685738718 -0.4145437983592182 0.9055732704840533 -0.0900862480537068 0.414541837261046 0.842335707085987 0.3444207045579384 -1.178681322381667 -0.9055741682123608 0.34441834418314893 0.24761144976884428 2.5748430106432743
0.08994715685738718 -0.4145437983592182 0.9055732704840533 -0.06661143264825586 0.414541837261046 0.842335707085987 0.3444207045579384 -1.1795638108299573 -0.9055741682123608 0.34441834418314893 0.24761144976884428 2.5767708848797897
0.08994715685738718 -0.4145437983592182 0.9055732704840533 -0.043136769982880185 0.414541837261046 0.842335707085987 0.3444207045579384 -1.180446223080025 -0.9055741682123608 0.34441834418314893 0.24761144976884428 2.5786985926599466
0.08994715685738718 -0.4145437983592182 0.9055732704840533 -0.019662061550507204 0.414541837261046 0.842335707085987 0.3444207045579384 -1.181328619436292 -0.9055741682123608 0.34441834418314893 0.24761144976884428 2.5806262657200407
0.08994715685738718 -0.4145437983592182 0.9055732704840533 0.0038126011148684746 0.414541837261046 0.842335707085987 0.3444207045579384 -1.1822110316863597 -0.9055741682123608 0.34441834418314893 0.24761144976884428 2.5825539735001977
0.08994715685738718 -0.4145437983592182 0.9055732704840533 0.027287263780244153 0.414541837261046 0.842335707085987 0.3444207045579384 -1.1830934439364273 -0.9055741682123608 0.34441834418314893 0.24761144976884428 2.5844816812803546
0.08994715685738718 -0.4145437983592182 0.9055732704840533 0.05076197221261669 0.414541837261046 0.842335707085987 0.3444207045579384 -1.1839758402926943 -0.9055741682123608 0.34441834418314893 0.24761144976884428 2.5864093543404487
0.08994715685738718 -0.4145437983592182 0.9055732704840533 0.07423663487799237 0.414541837261046 0.842335707085987 0.3444207045579384 -1.184858252542762 -0.9055741682123608 0.34441834418314893 0.24761144976884428 2.5883370621206057
0.08994715685738718 -0.4145437983592182 0.9055732704840533 0.09771129754336805 0.414541837261046 0.842335707085987 0.3444207045579384 -1.1857406647928297 -0.9055741682123608 0.34441834418314893 0.24761144976884428 2.5902647699007626
0.08994715685738718 -0.4145437983592182 0.9055732704840533 0.12118596020874417 0.414541837261046 0.842335707085987 0.3444207045579384 -1.1866230770428974 -0.9055741682123608 0.34441834418314893 0.24761144976884428 2.5921924776809195
0.08994715685738718 -0.4145437983592182 0.9055732704840533 0.14466062287411985 0.414541837261046 0.842335707085987 0.3444207045579384 -1.187505489292965 -0.9055741682123608 0.34441834418314893 0.24761144976884428 2.5941201854610765
0.08994715685738718 -0.4145437983592182 0.9055732704840533 0.16813533130649239 0.414541837261046 0.842335707085987 0.3444207045579384 -1.1883878856492323 -0.9055741682123608 0.34441834418314893 0.24761144976884428 2.5960478585211706
0.08994715685738718 -0.4145437983592182 0.9055732704840533 0.19160999397186806 0.414541837261046 0.842335707085987 0.3444207045579384 -1.1892702978993 -0.9055741682123608 0.34441834418314893 0.24761144976884428 2.5979755663013275
0.08994715685738718 -0.4145437983592182 0.9055732704840533 0.21508470240424105 0.414541837261046 0.842335707085987 0.3444207045579384 -1.190152694255567 -0.9055741682123608 0.34441834418314893 0.24761144976884428 2.5999032393614216
0.08994715685738718 -0.4145437983592182 0.9055732704840533 0.23855936506961672 0.414541837261046 0.842335707085987 0.3444207045579384 -1.1910351065056346 -0.9055741682123608 0.34441834418314893 0.24761144976884428 2.6018309471415786
0.08994715685738718 -0.4145437983592182 0.9055732704840533 0.2620341804750672 0.414541837261046 0.842335707085987 0.3444207045579384 -1.191917594953925 -0.9055741682123608 0.34441834418314893 0.24761144976884428 2.603758821378094
0.08994715685738718 -0.4145437983592182 0.9055732704840533 0.2855086904003681 0.414541837261046 0.842335707085987 0.3444207045579384 -1.1927999310057698 -0.9055741682123608 0.34441834418314893 0.24761144976884428 2.6056863627018925
0.08994715685738718 -0.4145437983592182 0.9055732704840533 0.30898350580581857 0.414541837261046 0.842335707085987 0.3444207045579384 -1.19368241945406 -0.9055741682123608 0.34441834418314893 0.24761144976884428 2.607614236938408
0.08994715685738718 -0.4145437983592182 0.9055732704840533 0.3324581684711947 0.414541837261046 0.842335707085987 0.3444207045579384 -1.1945648317041277 -0.9055741682123608 0.34441834418314893 0.24761144976884428 2.609541944718565
0.08994715685738718 -0.4145437983592182 0.9055732704840533 0.35593287690356723 0.414541837261046 0.842335707085987 0.3444207045579384 -1.195447228060395 -0.9055741682123608 0.34441834418314893 0.24761144976884428 2.611469617778659
0.08994715685738718 -0.4145437983592182 0.9055732704840533 0.3794075395689429 0.414541837261046 0.842335707085987 0.3444207045579384 -1.1963296403104624 -0.9055741682123608 0.34441834418314893 0.24761144976884428 2.613397325558816
0.08994715685738718 -0.4145437983592182 0.9055732704840533 0.4028822480013159 0.414541837261046 0.842335707085987 0.3444207045579384 -1.1972120366667296 -0.9055741682123608 0.34441834418314893 0.24761144976884428 2.61532499861891
0.08994715685738718 -0.4145437983592182 0.9055732704840533 0.42635691066669157 0.414541837261046 0.842335707085987 0.3444207045579384 -1.1980944489167973 -0.9055741682123608 0.34441834418314893 0.24761144976884428 2.617252706399067
0.08994715685738718 -0.4145437983592182 0.9055732704840533 0.44983157333206747 0.414541837261046 0.842335707085987 0.3444207045579384 -1.198976861166865 -0.9055741682123608 0.34441834418314893 0.24761144976884428 2.619180414179224
0.08994715685738718 -0.4145437983592182 0.9055732704840533 0.47330623599744315 0.414541837261046 0.842335707085987 0.3444207045579384 -1.1998592734169327 -0.9055741682123608 0.34441834418314893 0.24761144976884428 2.621108121959381
0.08994715685738718 -0.4145437983592182 0.9055732704840533 0.49678094442981613 0.414541837261046 0.842335707085987 0.3444207045579384 -1.2007416697731998 -0.9055741682123608 0.34441834418314893 0.24761144976884428 2.623035795019475
0.08994715685738718 -0.4145437983592182 0.9055732704840533 0.5202556070951918 0.414541837261046 0.842335707085987 0.3444207045579384 -1.2016240820232675 -0.9055741682123608 0.34441834418314893 0.24761144976884428 2.624963502799632
0.08994715685738718 -0.4145437983592182 0.9055732704840533 0.5437302697605675 0.414541837261046 0.842335707085987 0.3444207045579384 -1.202506494273335 -0.9055741682123608 0.34441834418314893 0.24761144976884428 2.626891210579789
0.08994715685738718 -0.4145437983592182 0.9055732704840533 0.5672049324259432 0.414541837261046 0.842335707085987 0.3444207045579384 -1.2033889065234027 -0.9055741682123608 0.34441834418314893 0.24761144976884428 2.6288189183599457
0.08994715685738718 -0.4145437983592182 0.9055732704840533 0.5906796408583161 0.414541837261046 0.842335707085987 0.3444207045579384 -1.2042713028796697 -0.9055741682123608 0.34441834418314893 0.24761144976884428 2.63074659142004
0.08994715685738718 -0.4145437983592182 0.9055732704840533 0.6141544562637666 0.414541837261046 0.842335707085987 0.3444207045579384 -1.2051537913279602 -0.9055741682123608 0.34441834418314893 0.24761144976884428 2.6326744656565553
0.08994715685738718 -0.4145437983592182 0.9055732704840533 0.6376289661890675 0.414541837261046 0.842335707085987 0.3444207045579384 -1.206036127379805 -0.9055741682123608 0.34441834418314893 0.24761144976884428 2.6346020069803537
0.08994715685738718 -0.4145437983592182 0.9055732704840533 0.661103781594518 0.414541837261046 0.842335707085987 0.3444207045579384 -1.2069186158280953 -0.9055741682123608 0.34441834418314893 0.24761144976884428 2.636529881216869
0.08994715685738718 -0.4145437983592182 0.9055732704840533 0.684578490026891 0.414541837261046 0.842335707085987 0.3444207045579384 -1.2078010121843625 -0.9055741682123608 0.34441834418314893 0.24761144976884428 2.6384575542769633
0.08994715685738718 -0.4145437983592182 0.9055732704840533 0.7080531526922667 0.414541837261046 0.842335707085987 0.3444207045579384 -1.20868342443443 -0.9055741682123608 0.34441834418314893 0.24761144976884428 2.64038526205712
0.08994715685738718 -0.4145437983592182 0.9055732704840533 0.7315278153576423 0.414541837261046 0.842335707085987 0.3444207045579384 -1.2095658366844977 -0.9055741682123608 0.34441834418314893 0.24761144976884428 2.642312969837277
0.08994715685738718 -0.4145437983592182 0.9055732704840533 0.755002478023018 0.414541837261046 0.842335707085987 0.3444207045579384 -1.2104482489345654 -0.9055741682123608 0.34441834418314893 0.24761144976884428 2.644240677617434
0.08994715685738718 -0.4145437983592182 0.9055732704840533 0.7784771864553908 0.414541837261046 0.842335707085987 0.3444207045579384 -1.2113306452908326 -0.9055741682123608 0.34441834418314893 0.24761144976884428 2.646168350677528
0.08994715685738718 -0.4145437983592182 0.9055732704840533 0.8019518491207667 0.414541837261046 0.842335707085987 0.3444207045579384 -1.2122130575409003 -0.9055741682123608 0.34441834418314893 0.24761144976884428 2.648096058457685
0.09072834467303209 -0.41451429204784385 0.9055088454349668 0.8254265117861423 0.4145123438524673 0.8424710501026458 0.34412504490792223 -1.213095469790968 -0.9055097372567704 0.34412269821536096 0.24825729456786202 2.650023766237842
