-0.6406382734526039 -0.3196007276810187 0.6981675855075412 1.5067834384964 0.31959853188770776 0.7157629324073211 0.6209188376969204 -2.1593390396797565 -0.698168590673405 0.6209177074761485 -0.3564012058617023 4.99008618061603
-0.6724383485808125 -0.30807545324316 0.6729904772483271 1.5543702184018366 0.30807321886198985 0.7102536388994629 0.6329539163715504 -2.18208627990552 -0.6729915000785092 0.632952828842002 -0.38269198748208094 5.039777933005317
-0.7030428521529454 -0.29600239880886625 0.6466168323946174 1.6042185554471478 0.29600016320555655 0.7049515090185277 0.6445364794290426 -2.2039782958417984 -0.646617855784184 0.644535452734679 -0.4079943611732478 5.087601444364287
-0.7323973742447094 -0.28340307559136224 0.6190935171238765 1.6562398793278588 0.2834008287616964 0.6998659251893375 0.6556459845191277 -2.2249761686787015 -0.6190945456524702 0.6556450133297966 -0.43226329943580927 5.133471695837242
-0.7604497178248891 -0.2702998769133645 0.5904694769424298 1.7103416573783834 0.2702976191393448 0.6950059397897776 0.6662626664796172 -2.245042565658099 -0.5904705104809624 0.6662617505136761 -0.45545565761641793 5.177307133305846
-0.787150021886433 -0.25671610068759587 0.5607955836951144 1.7664276961236194 0.25671382370684 0.6903801804423264 0.6763676656746938 -2.264141813058574 -0.5607966260258717 0.6763668014473929 -0.47753020233051396 5.2190298268264845
-0.8124507829256735 -0.2426758963529419 0.5301246406768472 1.824398236741497 0.2426736103331979 0.6859968981517084 0.685942982013874 -2.2822399438193157 -0.5301256871453329 0.6859421732591829 -0.4984476810791257 5.2585655746654965
-0.8363070471588023 -0.22820421167247174 0.49851114395514806 1.8841503672410789 0.228201925840731 0.6818638818198516 0.6949716020904344 -2.2993047482622453 -0.49851219033751437 0.694970851507104 -0.5181709289803748 5.295844014103453
-0.8586763950050846 -0.21332679806662164 0.466011293734084 1.9455776793476454 0.21332450122983568 0.6779884521069656 0.7034374997003235 -2.315305990178695 -0.46601234515419615 0.703436803157358 -0.5366648471137667 5.330799093478063
-0.879519014615317 -0.19807011565830482 0.43268294652459727 2.0085709625896286 0.19806781712648125 0.6743775349872123 0.7113255795508283 -2.330215133479038 -0.43268399872060503 0.7113249395231949 -0.5538965496042294 5.363368475049072
-0.8987979219351818 -0.18246124225277838 0.398585236305325 2.073018407009366 0.18245894463718731 0.6710375287057766 0.7186218536826777 -2.344005675674941 -0.398586288081869 0.7186212703114324 -0.5698354506426397 5.39349426349476
-0.916478788674595 -0.16652796892313956 0.3637788689243521 2.1388053207040105 0.16652567332869833 0.6679743778307222 0.7253133327632156 -2.3566530844191855 -0.3637799197756395 0.7253128057107453 -0.5844531665069802 5.42112286728162
-0.9325301700537323 -0.15029863617625294 0.3283257557717876 2.205814565024693 0.1502963442032595 0.6651935305652845 0.7313881157177953 -2.3681349371640685 -0.32832680496525485 0.7313876447258664 -0.5977237006206608 5.446205303751042
-0.9469235572040824 -0.13380206939309186 0.2922888691655794 2.273927271684522 0.13379978378293036 0.6626999283851015 0.7368354109148273 -2.378430736747305 -0.29228991544630484 0.7368349958739118 -0.6096234855908066 5.468696796266607
-0.9596333467655858 -0.11706762115351631 0.2557323050632004 2.3430221335076884 0.11706533517623054 0.660497980086459 0.7416455525396106 -2.3875222546291064 -0.2557333515119954 0.7416451917050123 -0.6201313268536575 5.488557524017491
-0.9706369404812443 -0.10012502241469809 0.2187210773100428 2.4129763809754903 0.10012275442601655 0.6585916727682468 0.7458099239125676 -2.3953933210019915 -0.21872211552414428 0.7458096194383514 -0.6292286132510697 5.50575216351369
-0.9799147824940659 -0.08300440608989827 0.18132095195886982 2.4836655991583445 0.08300215189095118 0.6569843308189923 0.7493211806960968 -2.402029888365991 -0.18132198386042156 0.7493209309955142 -0.6368991133146102 5.520250027466274
-0.9874503783840004 -0.06573620471196301 0.1435984039582663 2.554964369004 0.06573395812407802 0.6556787876537398 0.7521731012009563 -2.4074201965481103 -0.14359943237574616 0.7521729048636284 -0.6431291660392761 5.53202542527621
-0.9932303043143017 -0.04835116816792246 0.10562067566777276 2.626745442981333 0.04834894909089656 0.6546775101473054 0.7543604820171392 -2.4115546712580693 -0.10562169149149932 0.7543603397873738 -0.6479078144631012 5.541057441425787
-0.99724432149229 -0.030880124972968742 0.06745503045018902 2.6988815459825775 0.030877922324696057 0.6539820958455226 0.7558796016737109 -2.4144258156423763 -0.06745603875334018 0.7558795116916132 -0.6512264173392818 5.547329698582421
-0.9994852733698251 -0.013354159043160261 0.029169414685522657 2.7712444144915067 0.013351978098115105 0.653593907816431 0.7567276447613859 -2.4160287378204766 -0.02917041305352837 0.7567276062768535 -0.6530791811876948 5.550831510004821
-0.9999491712445907 0.004195522834436857 -0.009168015892328282 2.843705284031068 -0.004197682800143205 0.6535135415236493 0.7569031843666183 -2.4163604646406505 0.009167027128008673 0.7569031963424143 -0.6534627127696507 5.551556380436053
-0.9986351969896294 0.021737722574001736 -0.04748910138947462 2.9161351951937835 -0.021739859518031097 0.6537412118879942 0.7564058476686659 -2.4154204816091305 0.04748812316380104 0.7564059090835505 -0.6523764088790054 5.549503185585956
-0.9955456904680832 0.03924126325262541 -0.08572573387708977 2.9884055731736323 -0.03924337454004806 0.6542764750487299 0.7552365535065939 -2.413210402391069 0.08572476739622555 0.7552366632097166 -0.649822165518164 5.544675450153781
-0.9906861356236694 0.05667506249424612 -0.12381000756931533 3.0603879228361506 -0.056677143237388 0.655118379815285 0.7533973784548527 -2.40973420394677 0.12380905507065801 0.7533975349836693 -0.6458045154402696 5.537081861485175
-0.9840651820400982 0.07400807563571764 -0.16167412358533487 3.1319542100183675 -0.07401012797778751 0.656265470728544 0.750891558672858 -2.404998029494568 0.16167318408783737 0.7508917609550264 -0.6403306527699262 5.526735839143379
-0.9756945762073261 0.09120954425458441 -0.19925087953752518 3.2029772737069058 -0.09121156647221135 0.6577156818620659 0.7477235665501009 -2.399010239232964 0.19924995383008684 0.7477238132289146 -0.6334102580706437 5.51365564571351
-0.9655892234077321 0.10824882691632802 -0.23647334545375676 3.2733308263131082 -0.10825081980160534 0.6594664399376096 0.7438990352247378 -2.3917816041069595 0.23647243317379152 0.743899325223013 -0.6250556633465636 5.497864810087414
-0.9537671079675595 0.12509562851862488 -0.2732752961479101 3.3428894988897793 -0.12509757578544203 0.6615145801558492 0.739424814821518 -2.383324902381583 0.2732744047506157 0.7394251442619196 -0.6152816881245824 5.479391246173898
-0.9402492366603016 0.14171998493365814 -0.3095913739594886 3.4115298336665494 -0.1417219079117034 0.6638565679741845 0.7343087620173163 -2.3736552211640003 0.30959049368090563 0.734309133150297 -0.6041058046356387 5.458267911580213
-0.9250596109041211 0.1580924247019283 -0.345357063813354 3.4791298867606 -0.15809429391074398 0.6664881173086821 0.7285600755731759 -2.362789642028337 0.34535620814860013 0.7285604811806592 -0.5915477282139008 5.434532120854607
-0.9082252802652698 0.17418373444923468 -0.38050869496029976 3.5455693737474525 -0.17418557577346408 0.6694046665118276 0.7221888794800538 -2.3507476428067573 0.38050785206029425 0.7221893235887024 -0.577629946778172 5.4082264232041135
-0.889776138791653 0.1899653730160428 -0.41498383088006313 3.61073016482814 -0.18996717906076874 0.6726009628358458 0.7152065545504928 -2.3375504732851766 0.4149830041299414 0.7152070342545359 -0.5623771016285426 5.379397238695888
-0.8697450473479319 0.2054092435614007 -0.448721066224082 3.6744963085380875 -0.20541099657218925 0.6760713004227489 0.7076255501548211 -2.323221728555369 0.4487202637512194 0.7076260590200353 -0.5458163477716748 5.348096110751726
-0.8481675214816191 0.22048792955715965 -0.48166059463415134 3.736754637609568 -0.2204896441281593 0.6798095796237077 0.6994592570579615 -2.3077867508894387 0.4816598097578466 0.6994597975376674 -0.5279771011062887 5.314378399537532
-0.8250819782253564 0.23517460623288947 -0.5137437433107462 3.7973943956664398 -0.23517626908051348 0.6838091014515262 0.6907222562169444 -2.291273082483083 0.5137429821117778 0.6907228223790363 -0.5088910796777989 5.278304270985251
-0.8005296083725809 0.24944306241455655 -0.5449133001974624 3.856307431458755 -0.2494446779224849 0.6880627552930468 0.6814301119224835 -2.273710204140607 0.5449125606691315 0.681430703294024 -0.48859236366650444 5.239938125947745
-0.7745537865403698 0.2632680722442079 -0.5751142094339122 3.9133895947561745 -0.2632696638893139 0.6925630471686998 0.6715992181145038 -2.2551290505140047 0.5751134808292908 0.6715998420437752 -0.4671168337099329 5.199347541236889
-0.7472008352758188 0.2766250453955332 -0.6042925583051955 3.9685390852889864 -0.2766265629596409 0.6973018656109565 0.6612471949888448 -2.2355628419593767 0.6042918636124887 0.6612478298455116 -0.4445027008875725 5.156605086818959
-0.7185194661832278 0.2894901219517541 -0.632396431052649 4.021657649859325 -0.28949159342647873 0.7022708620399548 0.6503923843842708 -2.215046345705258 0.6323957574582294 0.6503930393400726 -0.4207903282239446 5.111786711831581
-0.6885605075589586 0.301840537082911 -0.6593760062389661 4.072651204468087 -0.30184195592506197 0.7074611913306217 0.6390540637570425 -2.1936159829057194 0.6593753567380891 0.6390547339113898 -0.3960216988903014 5.064971978444288
-0.6573774913709592 0.31365419523730753 -0.6851830993602087 4.121428766234921 -0.3136555865598294 0.7128636090533936 0.6272524594668241 -2.1713100703181567 0.6851824624569969 0.6272531551912732 -0.37024110042505914 5.016244589803426
-0.6250254194178869 0.3249103115585797 -0.7097721567689178 4.16790412334336 -0.3249116441880085 0.7184685335765587 0.6150084468780851 -2.148167852646899 0.7097715467335525 0.6150091509101764 -0.34349395299510654 4.965690276180151
-0.5915622493429198 0.33558870234002164 -0.7330991256399679 4.211993951974914 -0.33558995982048084 0.724265940271396 0.602343943798291 -2.1242308673145605 0.733098550005409 0.6023446443893488 -0.31582818961491665 4.9133997763241455
-0.5570472013288396 0.34567040638195395 -0.7551227619688352 4.253620424202518 -0.3456716392948376 0.7302456234867158 0.5892812971456988 -2.0995414572164073 0.7551221975805815 0.5892820203690524 -0.2872928248161459 4.859465588565474
-0.5215418403267621 0.35513750675451305 -0.7758037510123048 4.292709072380758 -0.35513869951844423 0.7363968619832473 0.5758438727342458 -2.074143641608601 0.775803205002997 0.5758446083427492 -0.257938702310575 4.803983873274089
-0.48510921037621096 0.3639732214392374 -0.7951053691702207 4.329190696195783 -0.36397433466743395 0.7427087184693875 0.5620555517143825 -2.0480825184552915 0.7951048595698356 0.5620562726139653 -0.2278179288461031 4.747053147285497
-0.4478139791340305 0.3721617782671327 -0.8129933892038678 4.3630005691872835 -0.3721628586490781 0.7491700513115181 0.547940727506218 -2.0214044107436004 0.8129928946394872 0.547941461303069 -0.1969840304460363 4.6887746035252755
-0.4097226510331644 0.3796886553484787 -0.8294358771056506 4.39407819447441 -0.37968966987885555 0.7557692829332134 0.5335246438187292 -1.9941568220730022 0.8294354126860279 0.5335253658208581 -0.1654919339668195 4.629252013992847
-0.370902730523314 0.3865404238594388 -0.8444037335380009 4.422368662601738 -0.3865414289563663 0.7624947761849891 0.5188327668825226 -1.9663880297280163 0.8444032734367628 0.5188335156995634 -0.13339750670874867 4.568590840827892
-0.33142359752697087 0.392705041714559 -0.8578701237449914 4.447821248201437 -0.3927058937879021 0.7693343889622514 0.503891534900443 -1.9381477012656523 0.8578697336930156 0.503892198959307 -0.10075798648955193 4.50689958324885
-0.29135475657419285 0.3981713712114145 -0.8698114536893699 4.470391300778732 -0.398172205447781 0.7762762475405783 0.4887270018253226 -1.9094855916838638 0.8698110718026317 0.48872768148728873 -0.0676310041150971 4.444286931507477
-0.25076831632326574 0.40292973048477015 -0.8802061598397645 4.490038201736617 -0.4029305257004077 0.7833077649250789 0.47336659880780596 -1.880453157587542 0.8802057958154943 0.47336727569567766 -0.03407608124865047 4.380865293047635
-0.20973608730012652 0.40697174070546493 -0.8890358687652583 4.5067270715430805 -0.40697244938622884 0.7904164881067614 0.4578375266069259 -1.8511019303995042 0.8890355443538842 0.4578381565533153 -0.00015257540713884703 4.316747238770397
-0.16833044959207333 0.410290064946449 -0.8962850675685549 4.520428510293072 -0.4102908344537137 0.7975899766527643 0.44216700499507894 -1.821483541836581 0.8962847153128328 0.44216771902670776 0.03407957375485589 4.252045558686122
-0.1266259403107917 0.41287896082013414 -0.9019405939154164 4.531117989499474 -0.4128797046999238 0.8048151974181746 0.426383451193463 -1.7916513567800931 0.9019402533911609 0.42638417151300384 0.0685588622707366 4.186876828937538
-0.08469617789829495 0.41473391950190486 -0.9059924577301999 4.538776382831591 -0.4147344982088079 0.8120793775338688 0.4105147751052237 -1.7616580272409201 0.905992192816753 0.4105153597598897 0.10322444456764947 4.121356068409074
-0.04261569013567818 0.41585118230329227 -0.9084336503736604 4.543390319288175 -0.4158519113820863 0.8193698108169953 0.39458877444953594 -1.731556985226498 0.9084333166249052 0.39458954281465103 0.13801449904701818 4.0555999999134755
-0.00045979358756033416 0.4162293650213274 -0.9092595362622266 4.544951358290982 -0.4162299501045927 0.8266731776034095 0.3786345019501129 -1.7014019537638854 0.9092592684299595 0.3786351451265774 0.17286702880882324 3.9897259820135256
0.0416972278679042 0.41586743944723253 -0.908468829402382 4.543456766898335 -0.4158679496246938 0.8339767691301878 0.3626797444387079 -1.6712460954061426 0.9084685958595845 0.3626803294345804 0.2077204587375521 3.923850148926427
0.08378006560493519 0.4147661097573195 -0.9060628978189162 4.538909491127974 -0.4147665497654776 0.841267510112582 0.3467530614495253 -1.6411433146037777 0.9060626963973709 0.34675358776190907 0.2425125554922254 3.8580902555695182
0.12571398271406706 0.4129273705643472 -0.902045997268976 4.531317314786135 -0.4129277068083515 0.8485324382357557 0.33088277412352496 -1.611147063549175 0.902045843347312 0.33088319374138336 0.2771815444782332 3.7925630689108973
0.16742414635817468 0.4103544030968016 -0.8964253561090876 4.5206938371140835 -0.410354707625986 0.8557586275466434 0.3150971045704433 -1.5813109073517535 0.8964252167054584 0.315097501162026 0.3116655188114639 3.7273856026040555
0.20883686945614696 0.4070517515358393 -0.8892109049755079 4.507057845563345 -0.4070520979253683 0.8629333091887783 0.2994239360289366 -1.551687514066445 0.889210746409597 0.2994244069278751 0.3459035602672769 3.6626729106913425
0.2498783037348761 0.40302547505861513 -0.8804154131865017 4.4904336835824505 -0.40302576021325903 0.8700436290593229 0.2838913879246919 -1.5223296901413068 0.8804152826519458 0.2838917927433987 0.37983467467548754 3.5985403495525734
0.29047521161491446 0.3982826259593038 -0.8700546542006612 4.470850944586527 -0.39828288600083034 0.8770769463191718 0.2685270432457155 -1.4932898404884047 0.8700545351620899 0.2685274289423673 0.41339826529568513 3.535102398422609
0.33055589740544133 0.39283164833742734 -0.8581468957905652 4.448344364158839 -0.3928318519248258 0.8840208185074933 0.25335810340041126 -1.4646192950927803 0.8581468025948679 0.2533584190624847 0.4465350788979106 3.4724711883603807
0.3700488594054349 0.38668219292323847 -0.8447133971524378 4.422953805987346 -0.38668237580473647 0.890862878345912 0.2384115605989803 -1.4363691539645087 0.8447133134352395 0.23841185721627214 0.4791859810594908 3.410758348056599
0.40888389679161496 0.3798452576711208 -0.8297780059565711 4.394724879031339 -0.3798453884982461 0.8975909442943534 0.2237140531066102 -1.408589588156551 0.8297779460681757 0.22371427523859674 0.511292952497244 3.3500734769007803
0.44699170386428283 0.3723329825203542 -0.8133674242333554 4.3637074499564745 -0.3723330989720878 0.9041930282937262 0.20929173656612113 -1.3813302594301025 0.8133673709255534 0.2092919437353449 0.542798675570542 3.290525061740859
0.4843052246661674 0.36415863674519483 -0.7955104880797829 4.329956385541624 -0.3641587195059016 0.9106574977636568 0.19517005091626508 -1.3546391415902357 0.7955104501946377 0.1951702053355395 0.5736477269025025 3.232217902079122
0.5207572474998975 0.3553369142397778 -0.7762393745197955 4.293532291630648 -0.3553369736018829 0.9169727161106248 0.18137440034403537 -1.328564283259948 0.7762393473457689 0.1813745166423783 0.6037845313892682 3.175256960875073
0.5562833997858719 0.3458834290066796 -0.7555881369246429 4.254499953202725 -0.3458834542898465 0.9231275259872921 0.16792917201339674 -1.3031516355406672 0.7555881253508392 0.1679292240890862 0.633155873798579 3.1197426190396422
0.5908208878454025 0.3358148590852242 -0.7335932516750281 4.212927725613054 -0.3358148559541572 0.9291110524179077 0.15485811181651568 -1.2784462973500539 0.7335932531083276 0.15485810502669498 0.6617098354274947 3.0657733958885647
0.6243075292115485 0.3251493297906877 -0.7102943209025665 4.168891028010215 -0.3251493066902275 0.934912522874561 0.14218474929185598 -1.25449255426506 0.7102943314771953 0.14218469646551338 0.6893950063369867 3.013446034005593
0.6566843630457994 0.3139056380736283 -0.6857323805368395 4.122466961449538 -0.31390559358567205 0.9405217204632534 0.1299314113387081 -1.2313327426652738 0.685732400901955 0.12993130385873125 0.7161626425825425 2.9628530179346724
0.6878936352601126 0.3021038209230301 -0.6599512314954287 4.073738330144117 -0.3021037650004461 0.9459286415830288 0.11811993991465244 -1.2090081715121237 0.6599512570949331 0.11811979688685366 0.7419649936770777 2.9140845878291124
0.7178796849728325 0.28976495066787794 -0.6329968651326394 4.02279244818297 -0.28976487765711745 0.9511236402560185 0.10677142231185094 -1.1875585270502635 0.6329968985545367 0.10677122416916535 0.7667560447168027 2.86722743901129
0.746589534769148 0.2769108215040159 -0.6049169062831342 3.9697189034296594 -0.276910731545552 0.9560975394452303 0.0959059008699859 -1.167021841595096 0.6049169474631161 0.09590564113099603 0.7904919953238985 2.822364653782162
0.7739719797589291 0.2635643459732621 -0.5757614176720515 3.914612839232884 -0.26356424305076154 0.9608414686735468 0.0855427487420217 -1.147434581663867 0.5757614647865233 0.08554243162868444 0.813130511085354 2.7795758939541635
0.799978327756949 0.249749258802238 -0.5455822420560701 3.8575717283042605 -0.24974914466896603 0.9653469917910984 0.07570039746921356 -1.1288317424794967 0.5455822943024411 0.07570002092212245 0.8346313359658112 2.7389376072866227
0.824562209378804 0.23549019754477546 -0.5144332121127759 3.7986975947946533 -0.23549007841384215 0.9696060760216886 0.06639638778176066 -1.1112464074765036 0.5144332666468879 0.0663959652550219 0.8549561333570664 2.700522065227668
0.8476800444134628 0.22081245916259634 -0.48236956805104997 3.7380946237635593 -0.2208123332324629 0.9736111701471388 0.0576472276623499 -1.094709794950897 0.48236962569758224 0.05764674529655388 0.8740688742662609 2.664397464814566
0.8692910035316057 0.20574194029888693 -0.4494478892831325 3.6758698249381325 -0.20574180879844392 0.9773552010559607 0.04946836444847322 -1.079251124483237 0.44944794947953454 0.04946781752727395 0.8919358024755649 2.6306276368752357
0.8893562531275434 0.19030569955904625 -0.41572730934866287 3.6121353075498415 -0.19030557272785623 0.9808314418796894 0.04187447443171163 -1.0648980547333413 0.41572736740760696 0.04187389802193578 0.9085248112477662 2.5992730024025223
0.9078400521941341 0.17453129293095798 -0.38126797324191836 3.547004292201027 -0.1745311615997556 0.9840336986028634 0.034879129068959326 -1.0516762428924107 0.38126803336077364 0.034878471896246564 0.9238063535911575 2.570389610160649
0.9247100492925947 0.15844629517304934 -0.34613017245426925 3.48059106820108 -0.1584461706849192 0.9869563684469078 0.028494521883636652 -1.0396088586893097 0.34613022944055705 0.028493829648303094 0.9377536808455624 2.5440280750260706
0.9399358342710963 0.14207968808464563 -0.3103771732696655 3.413014932829711 -0.14207956486121895 0.9895941814660989 0.022732207488239713 -1.028717542719762 0.31037722967696074 0.02273143731072698 0.9503416528048445 2.5202356714802967
0.9534904551807177 0.12546044904039108 -0.27407230360956064 3.344395744983284 -0.12546033156360445 0.9919424691873145 0.017602358550036053 -1.019021737303806 0.2740723573861804 0.01760152121712826 0.9615479859932237 2.499054871847262
0.9653497195248917 0.10861825989891503 -0.23728040928349878 3.274856138255144 -0.10861815473551951 0.9939970404026371 0.013114119591066255 -1.010538628762007 0.2372804574234121 0.013113248542210774 0.9713526791220615 2.4805232202014156
0.9754927206291423 0.09158281388549026 -0.20006633949860236 3.204518468335132 -0.09158272157189494 0.9957542727151206 0.009275423390122798 -1.003283173581695 0.20006638175625394 0.009274511868390636 0.9797384479138114 2.4646733895193647
0.9839013065803496 0.07438457327034248 -0.16249662817692526 3.133508644474398 -0.07438449009864037 0.997211021266115 0.006093168154350901 -0.9972683833551251 0.1624966662496376 0.006092152721409313 0.9866902853139747 2.4515338041417185
0.990560518806527 0.05705416164632555 -0.12463820128908779 3.061953152704703 -0.057054094662045474 0.9983646950148131 0.003572958196454482 -0.9925050015121578 0.12463823195167109 0.003571888410100709 0.9921958237914265 2.441127933583207
0.9954585831457876 0.03962222832233893 -0.08655800519971359 2.989978399386252 -0.03962218177846829 0.9992132539624705 0.0017192489189878913 -0.9890014081875036 0.08655802650531731 0.0017181759234340414 0.9962453291830285 2.433474084712163
0.9985867631595358 0.0221198038087018 -0.048323811128944655 2.9177126957281536 -0.022119776178744905 0.9997551844539793 0.0005354056334501803 -0.9867638357322717 0.0483238237763073 0.0005342629077918014 0.9988315787052299 2.4285858725437737
0.9999394838236821 0.004577975320008712 -0.010003540992939142 2.8452843344740417 -0.004577969446748335 0.9999895207671745 2.3485763442424404e-05 -0.9857962611882459 0.01000354368074941 2.2311562851146933e-05 0.9999499630561628 2.426471985343314
0.9995143457243482 -0.012971695890294307 0.02833386307861851 2.7728234368464175 0.012971678600094034 0.9999158472302441 0.00018442374845568512 -0.9861004757144972 -0.028333870994342474 0.00018320358308119428 0.9995984984937317 2.4271363362947334
0.9973121062602441 -0.030498513308834147 0.06662134337212383 2.7004570069596987 0.030498471139814978 0.9995342951031833 0.0010179247106389129 -0.9876758634544749 -0.06662136267661772 0.0010166604809487786 0.9977778111566608 2.430577580418924
0.9933366773901179 -0.047971100461484575 0.1047903567704353 2.6283145490232993 0.04797103138511041 0.9988455421543427 0.002522511892086135 -0.9905196479149567 -0.10479038839230302 0.0025211979119295685 0.9944911352353419 2.4367896528076685
0.9875952006444397 -0.06535820556417778 0.14277263263489753 2.556524877165028 0.06535810727692212 0.9978508256561613 0.004695481923636791 -0.9946267720473538 -0.14277267762862425 0.004694113627463808 0.9897443749878073 2.44576150665062
0.9800977584326162 -0.08262930024013584 0.18050147549864096 2.4852144212268157 0.08262916822898866 0.9965518922883283 0.007533029559055794 -0.9999899050193202 -0.18050153593015905 0.007531581399520659 0.9835458661437583 2.457477128023074
0.9708576139522226 -0.09975368442298675 0.2179098342779333 2.4145095470932456 0.09975351932659983 0.9949510400867575 0.011030104815331936 -1.0065996703493214 -0.2179099098548638 0.011028611622443901 0.9759065738648994 2.4719160342553232
0.9598914160357329 -0.1167005007929985 0.2549303091740542 2.3445378533314267 0.11670030643998973 0.9930511537050558 0.015180401900807439 -1.0144441309935073 -0.2549303981437443 0.01517890772489587 0.9668402623301076 2.4890521491026014
0.9472186995272974 -0.13343966993849404 0.29149715222025946 2.2754235013065314 0.13343943536716954 0.9908556166715494 0.019976586278301994 -1.0235092479153467 -0.2914972596006802 0.019975019327881222 0.9563630828551175 2.5088548044823717
0.9328617365377555 -0.14994175446036992 0.32754610480527674 2.2072880398131205 0.14994148679909286 0.9883682887540785 0.02541016178248631 -1.0337791752962269 -0.32754622733324323 0.025408582303639196 0.9444934477830317 2.5312893853677565
0.9168461800282202 -0.1661772520733312 0.36301267617125593 2.140253319274131 0.16617694233067934 0.9855936131324048 0.031471472641704856 -1.0452355069852688 -0.3630128179627913 0.03146983708200664 0.9312525668951175 2.5563156836566723
0.8992007020764652 -0.18211711240886327 0.397833451023226 2.0744392182798492 0.18211676887428935 0.9825365586517192 0.038149618708780864 -1.0578578075363056 -0.3978336082836401 0.03814797872357256 0.9166641434240379 2.5838890582218137
0.8799560539881113 -0.19773354630928608 0.43194766779509963 2.0099606373046766 0.1977331561790958 0.9792024509764234 0.045433016070016805 -1.071624010012994 -0.4319478463855627 0.045431318115574194 0.900753603010921 2.6139613039119367
0.8591470756766977 -0.21299824454074337 0.465293509710527 1.9469342432704257 0.21299780454087724 0.9755973268319521 0.05330845279236208 -1.0865091723114442 -0.46529371112980333 0.05330669471005445 0.8835497488439144 2.646477934743437
0.8368108286105473 -0.22788406380734966 0.497811701934353 1.8854721677641664 0.2278835782792642 0.9717276079358723 0.06176188732435321 -1.1024868255526346 -0.49781192419503956 0.06176009583764759 0.8650832206738014 2.6813811294612986
0.8129865123668552 -0.24236487267167156 0.5294451805469776 1.8256823428462892 0.2423643537634583 0.9676000867407352 0.07077847246262912 -1.1195289867054312 -0.5294454180880203 0.07077669555839938 0.8453864256252492 2.7186097591152043
0.7877167315023431 -0.25641478305537596 0.5601373134704829 1.7676716818568057 0.25641421296301076 0.9632221404926393 0.08034213997235852 -1.1376050539674523 -0.5601375744420519 0.08034032048381913 0.824494591008778 2.7580969740151735
0.7610464120604997 -0.27000879449784027 0.5898335439627549 1.7115434100406846 0.27000817706114116 0.9586015553624726 0.09043584674656371 -1.1566829922585464 -0.5898338266070873 0.09043400328677036 0.8024448566970623 2.799772793448354
0.733022977343545 -0.28312273873590205 0.6184810664014597 1.657397239346046 0.2831220741504804 0.953746546884252 0.10104165198122592 -1.1767288201731056 -0.6184813706290065 0.10103978977139375 0.7792764304582925 2.843562984920802
0.7036962531213923 -0.29573329199024323 0.6460289493138267 1.605329540600654 0.2957325879234854 0.9486657485944552 0.11214068790496977 -1.1977069379109877 -0.646029271614678 0.11213883115288548 0.7550305045259251 2.8893897805269444
0.6731183747979527 -0.30781804564614546 0.6724282149671816 1.5554328549637781 0.3078173000395424 0.9433681913112 0.123713238655374 -1.2195800384562712 -0.6724285562836614 0.12371138345691023 0.7297501834857242 2.937171682917114
0.6413440825697265 -0.3193553909589189 0.697631637770444 1.5077962637843774 0.3193545938536026 0.9378633570749887 0.13573859746082856 -1.2423089145135895 -0.6976320026614293 0.13573672208178728 0.7034807254936665 2.9868230435487604
0.6084291362298387 -0.33032508814264455 0.7215949849674445 1.4625035664661397 0.33032422256167693 0.9321609044025041 0.14819566893984865 -1.2658537374989747 -0.7215953812044782 0.14819373956770082 0.6762682318261773 3.0382568566517874
0.5744324237222885 -0.34070743067764686 0.7442753773016904 1.4196358537605596 0.3407065439970026 0.9262710488729925 0.1610620839842356 -1.29017238844823 -0.7442757831974353 0.16106020830969686 0.6481613748481789 3.091381113085615
0.5394144048030486 -0.350484074954583 0.7656324268826413 1.3792692351312952 0.35048309500032065 0.9202042393806342 0.17431511106299616 -1.3152215703529184 -0.7656328754762096 0.17431314072421145 0.6192101654211534 3.146101230243719
0.5034373031303727 -0.35963753457061837 0.785628236219132 1.3414755218120433 0.359636503441998 0.9139712808964691 0.18793105940339197 -1.3409568294329528 -0.7856287082387143 0.18792908615867518 0.5894660222326087 3.202320098525827
0.4665650969137171 -0.3681515449558382 0.8042272379673068 1.306321967093387 0.3681504907437815 0.9075832554381272 0.20188573652797742 -1.3673323868463498 -0.804227720553704 0.201883814098507 0.5589818414743298 3.259937713705141
0.42886338798697404 -0.37601100870836346 0.821396320769976 1.273871022323853 0.37600991003330514 0.9010515163689455 0.21615437170219304 -1.394301288044945 -0.8213968237101237 0.2161524604980083 0.5278118716167505 3.318851503196955
0.39039959198581453 -0.3832018944576619 0.8371048122316396 1.2441806343953932 0.38320072217926865 0.8943877403701789 0.23071145701246093 -1.4218152994646904 -0.8371053488651213 0.23070950990278782 0.49601185161427236 3.3789561003782485
0.35124126243804193 -0.38971151955723643 0.8513251476876038 1.217303087505007 0.3897102978684178 0.887603645187116 0.24553136823195046 -1.4498261508227241 -0.8513257069396176 0.24552942914228085 0.46363761724953473 3.440146058396964
0.31145847754553785 -0.395528220778296 0.8640318531934869 1.1932863742387674 0.39552697565794376 0.880711373153073 0.26058758359850703 -1.478283701939001 -0.8640324231716632 0.2605856937108867 0.4307471043911031 3.5023118455761657
0.27112184611491014 -0.4006417256266009 0.8752023493148213 1.172173251279599 0.4006404305060253 0.8737231415495635 0.27585343457116507 -1.507137369217409 -0.8752029421815203 0.2758515535713019 0.39739870456395493 3.5653429615761607
0.23030318325043056 -0.40504290926347664 0.8848167524635243 1.1540012542961082 0.405041556473251 0.8666513972803599 0.29130172179670705 -1.5363358619927208 -0.8848173717295817 0.29129984079532023 0.3636517859686328 3.629127361441343
0.18907507417341382 -0.4087239136548234 0.8928579835186572 1.1388026370116289 0.40872252847317686 0.8595087265166913 0.3069049425476053 -1.5658272683111065 -0.8928586176124478 0.3069030978148319 0.3295663476552917 3.6935516429885626
0.14751078976236914 -0.4116782213615344 0.89931174181164 1.1266045239442977 0.41167680521070654 0.852307815788415 0.3226353904913212 -1.5955591311283566 -0.899312390082105 0.32263358350082655 0.2952029739725315 3.758501213263481
0.10568472098977039 -0.41390056492242167 0.9041665013183217 1.1174286964608988 0.41389911204217844 0.8450615505085208 0.33846491827489444 -1.625478264125835 -0.9041671664023255 0.33846314158122887 0.26062317047982214 3.823859886187731
0.06367025199276088 -0.4153870828721205 0.9074137261437962 1.1112911215936954 0.41538554955538587 0.8377826291792005 0.35436578766319454 -1.6555321431332164 -0.9074144280491403 0.35436399031021243 0.22588762281204183 3.889512922136958
0.0215425973710081 -0.41613505554414193 0.9090475961388295 1.1082028803433162 0.41613344395765317 0.8304840989868123 0.3703094896839738 -1.6856669682350711 -0.9090483338736468 0.37030767866375164 0.19105849838259042 3.9553427945924478
-0.020623892800874337 -0.4161431324230172 0.9090652057926852 1.1081696667179266 0.41614146173434313 0.8231788480993981 0.3862678706122891 -1.7158295824996992 -0.9090659705826317 0.38626607070632935 0.1561972590980735 4.021233381625479
-0.06275270259870501 -0.41541132866121516 0.9074665428193386 1.1111913419256947 0.41540960094444745 0.8158801260381012 0.4022119881097866 -1.7459652358343856 -0.9074673337149571 0.4022102036945061 0.12136717136149516 4.087065081011431
-0.10477042329974527 -0.41394093362047796 0.9042544231990238 1.1172624969383955 0.4139391507855663 0.8086006506045587 0.41811406014245517 -1.7760214284095035 -0.9042552393259972 0.4181122951017962 0.08662892609395606 4.152723206236757
-0.1466018776785471 -0.4117344212596535 0.8994346312051269 1.1263723711690932 0.41173272906877784 0.801353515452843 0.433945507045466 -1.8059443847653476 -0.8994354058378515 0.4339439014680911 0.05204460686709955 4.2180902841434795
-0.1881721831977158 -0.4087961188908913 0.8930156564418955 1.1385046637480603 0.4087942985562207 0.7941515193031462 0.4496783137493202 -1.8356805086950463 -0.8930164897349504 0.4496766589097646 0.01767629749745133 4.283049233137554
-0.22940842915035342 -0.4051308554688703 0.885008905368657 1.1536381000917149 0.4051290128315576 0.7870074501795942 0.4652845971273293 -1.8651776727629354 -0.8850097488711042 0.4652829927139771 -0.016415879331617866 4.347486180158621
-0.27023679041790627 -0.4007452847603712 0.8754286343540275 1.1717455817740894 0.40074342020337955 0.7799340471837837 0.4807365112067329 -1.8943830902606624 -0.8754294878905589 0.48073495690021606 -0.050170837603345106 4.411285811940529
-0.3105851299740652 -0.39564718273100147 0.8642917238039565 1.192795280379177 0.3956452564922895 0.772943784795529 0.49600679084173155 -1.9232451001290305 -0.8642926055764584 0.4960052543501775 -0.08352891477130649 4.4743352741973395
-0.35038033667219487 -0.3898457237077933 0.8516184188826744 1.2167488035195257 0.3898437732122382 0.7660493724527002 0.5110676975239867 -1.9517114775139823 -0.8516193117591477 0.5110662096750002 -0.11642970912659886 4.536520481007626
-0.38955302561437 -0.3833511460110164 0.8374307965955936 1.243564568554305 0.38334909948783424 0.7592627651882835 0.5258930702343471 -1.979732510959986 -0.8374317334305863 0.5258915784177207 -0.1488157908044764 4.597732836989514
-0.42803311500482877 -0.3761748856111521 0.8217542868124874 1.2731944215643878 0.3761728408625015 0.7525962095088093 0.5404562324836373 -2.007258153926341 -0.8217552228350594 0.5404548092749374 -0.18062932451540875 4.657863014744641
-0.46575174824804194 -0.3683299148191372 0.8046169168326128 1.3055854589978442 0.36832785207141955 0.7460615623245415 0.5547312309671405 -2.0342390884640538 -0.8046178610945367 0.5547298613480183 -0.21181331057433894 4.716803278478117
-0.5026427353065689 -0.3598299791611234 0.7860487686781502 1.3406808154918868 0.35982789943681787 0.7396703039263118 0.5686929965072937 -2.060627970208561 -0.7860497207113669 0.568691680602471 -0.2423130392346215 4.774450203702109
-0.5386404152529242 -0.35069020306759374 0.7660828183222538 1.378418078094085 0.35068808341965924 0.7334337916551303 0.582316701980825 -2.0863778627578276 -0.7660837886312459 0.582315425461827 -0.2720742069098205 4.830701257111725
-0.5736800225375457 -0.34092699352140204 0.7447550045684681 1.4187293513969992 0.34092484799458733 0.7273632726828029 0.5955778014432959 -2.1114424250696597 -0.7447559867239663 0.595576573280565 -0.3010432952221177 4.885455205956841
-0.6076992510591973 -0.3305577787940158 0.7221032994945095 1.461542943846959 0.33055558358427417 0.721469510893342 0.6084527516681817 -2.1357770625257224 -0.7221043043933132 0.6084515590661992 -0.329168761954352 4.938614632559923
-0.6406384077064918 -0.3196006810578782 0.698167483658922 1.5067835912364749 0.3195984852644894 0.7157629091482084 0.6209188885066531 -2.1593391158779793 -0.6981684888248214 0.6209177582860986 -0.3564013168564776 4.990086347072388
